 

stn;time;tso010d0;tso020d0;tso005d0
FAH;20170101;1.6;2.3;0.8
FAH;20170102;1.5;2.0;0.7
FAH;20170103;1.6;1.9;0.9
FAH;20170104;1.8;2.0;1.2
FAH;20170105;2.1;2.2;1.6
FAH;20170106;2.0;2.3;1.4
FAH;20170107;1.6;2.1;0.8
FAH;20170108;1.8;2.0;1.2
FAH;20170109;2.2;2.3;1.7
FAH;20170110;2.4;2.4;2.0
FAH;20170111;2.6;2.6;2.1
FAH;20170112;2.7;2.6;2.4
FAH;20170113;2.9;2.8;2.5
FAH;20170114;2.8;2.8;2.3
FAH;20170115;2.5;2.6;2.0
FAH;20170116;2.3;2.5;1.6
FAH;20170117;1.9;2.3;1.2
FAH;20170118;1.8;2.1;1.1
FAH;20170119;1.7;2.0;1.0
FAH;20170120;1.2;1.7;0.5
FAH;20170121;0.9;1.4;0.1
FAH;20170122;0.7;1.2;0.0
FAH;20170123;0.5;1.0;-0.2
FAH;20170124;0.3;0.8;-0.4
FAH;20170125;0.2;0.6;-0.6
FAH;20170126;0.0;0.5;-0.9
FAH;20170127;-0.2;0.3;-0.8
FAH;20170128;-0.1;0.3;-0.5
FAH;20170129;0.0;0.3;-0.4
FAH;20170130;0.0;0.3;-0.3
FAH;20170131;0.1;0.2;-0.3
FAH;20170201;0.2;0.3;-0.2
FAH;20170202;0.8;0.7;0.7
FAH;20170203;2.3;1.6;2.5
FAH;20170204;2.7;2.3;2.5
FAH;20170205;2.6;2.4;2.3
FAH;20170206;3.1;2.7;2.9
FAH;20170207;3.3;3.0;3.1
FAH;20170208;3.7;3.3;3.4
FAH;20170209;3.5;3.3;3.0
FAH;20170210;3.0;3.0;2.6
FAH;20170211;3.6;3.1;3.4
FAH;20170212;4.1;3.6;3.8
FAH;20170213;3.6;3.5;3.0
FAH;20170214;3.4;3.2;3.0
FAH;20170215;3.8;3.5;3.7
FAH;20170216;4.3;3.8;4.2
FAH;20170217;4.9;4.3;4.8
FAH;20170218;4.4;4.1;3.9
FAH;20170219;4.1;3.9;3.7
FAH;20170220;4.4;4.0;4.2
FAH;20170221;5.3;4.5;5.4
FAH;20170222;5.9;5.1;5.8
FAH;20170223;5.7;5.1;5.5
FAH;20170224;5.7;5.2;5.3
FAH;20170225;5.0;4.8;4.6
FAH;20170226;4.9;4.7;4.5
FAH;20170227;5.0;4.6;4.8
FAH;20170228;4.7;4.7;4.1
FAH;20170301;4.3;4.1;3.9
FAH;20170302;5.2;4.6;5.1
FAH;20170303;5.2;4.7;4.9
FAH;20170304;5.3;4.9;5.0
FAH;20170305;5.3;4.9;4.9
FAH;20170306;5.0;4.8;4.6
FAH;20170307;5.1;4.7;4.8
FAH;20170308;5.0;4.7;4.6
FAH;20170309;6.1;5.2;6.1
FAH;20170310;6.9;5.9;7.0
FAH;20170311;6.7;6.1;6.5
FAH;20170312;7.0;6.3;6.9
FAH;20170313;7.2;6.5;7.1
FAH;20170314;7.2;6.5;7.0
FAH;20170315;7.3;6.6;7.1
FAH;20170316;7.8;6.9;7.9
FAH;20170317;8.1;7.2;8.0
FAH;20170318;7.8;7.2;7.4
FAH;20170319;7.9;7.1;7.8
FAH;20170320;8.4;7.5;8.3
FAH;20170321;8.4;7.7;8.1
FAH;20170322;7.9;7.4;7.5
FAH;20170323;8.1;7.4;8.0
FAH;20170324;8.5;7.8;8.2
FAH;20170325;8.5;7.8;8.3
FAH;20170326;8.6;7.9;8.4
FAH;20170327;8.9;8.1;8.8
FAH;20170328;9.2;8.4;9.2
FAH;20170329;9.6;8.6;9.6
FAH;20170330;9.9;8.9;9.9
FAH;20170331;10.1;9.2;10.1
FAH;20170401;10.0;9.2;9.8
FAH;20170402;9.9;9.1;9.7
FAH;20170403;10.3;9.3;10.4
FAH;20170404;10.6;9.7;10.5
FAH;20170405;10.3;9.6;10.1
FAH;20170406;10.1;9.5;9.7
FAH;20170407;9.9;9.3;9.6
FAH;20170408;10.5;9.6;10.4
FAH;20170409;11.1;10.0;11.3
FAH;20170410;11.5;10.4;11.5
FAH;20170411;11.3;10.5;11.1
FAH;20170412;11.0;10.3;10.7
FAH;20170413;11.2;10.4;11.0
FAH;20170414;11.0;10.3;10.7
FAH;20170415;10.5;10.1;10.1
FAH;20170416;10.1;9.7;9.7
FAH;20170417;9.6;9.3;8.9
FAH;20170418;9.3;9.0;8.7
FAH;20170419;8.6;8.7;7.8
FAH;20170420;8.1;8.3;7.2
FAH;20170421;8.5;8.2;8.0
FAH;20170422;9.0;8.6;8.7
FAH;20170423;9.7;9.0;9.4
FAH;20170424;10.0;9.3;9.8
FAH;20170425;10.4;9.8;9.9
FAH;20170426;8.6;8.8;7.7
FAH;20170427;7.6;7.8;6.8
FAH;20170428;7.8;7.6;7.3
FAH;20170429;8.6;8.0;8.4
FAH;20170430;9.8;8.8;9.8
FAH;20170501;10.2;9.5;9.7
FAH;20170502;9.9;9.3;9.5
FAH;20170503;10.3;9.5;10.0
FAH;20170504;10.5;9.7;10.2
FAH;20170505;11.0;10.0;11.0
FAH;20170506;11.3;10.5;11.0
FAH;20170507;10.9;10.3;10.5
FAH;20170508;10.2;9.9;9.7
FAH;20170509;10.4;9.8;10.0
FAH;20170510;11.2;10.2;11.3
FAH;20170511;12.5;11.2;12.5
FAH;20170512;12.6;11.6;12.5
FAH;20170513;12.9;11.9;12.8
FAH;20170514;13.2;12.1;13.0
FAH;20170515;13.9;12.6;14.0
FAH;20170516;14.6;13.2;14.7
FAH;20170517;15.4;13.8;15.6
FAH;20170518;15.8;14.4;15.9
FAH;20170519;14.6;14.1;14.0
FAH;20170520;13.4;13.0;12.8
FAH;20170521;13.6;12.8;13.5
FAH;20170522;14.7;13.4;14.9
FAH;20170523;15.6;14.2;15.8
FAH;20170524;16.3;14.8;16.4
FAH;20170525;16.7;15.3;16.7
FAH;20170526;16.7;15.4;16.7
FAH;20170527;17.5;15.8;17.9
FAH;20170528;18.7;16.7;19.2
FAH;20170529;19.2;17.4;19.5
FAH;20170530;19.1;17.6;19.2
FAH;20170531;18.9;17.5;19.0
FAH;20170601;19.2;17.7;19.3
FAH;20170602;19.0;17.7;19.0
FAH;20170603;18.6;17.5;18.4
FAH;20170604;17.6;16.9;17.2
FAH;20170605;17.6;16.6;17.4
FAH;20170606;16.8;16.4;16.1
FAH;20170607;15.7;15.5;15.0
FAH;20170608;16.4;15.5;16.4
FAH;20170609;17.2;16.2;17.0
FAH;20170610;18.3;16.7;18.5
FAH;20170611;19.3;17.6;19.5
FAH;20170612;19.5;18.1;19.4
FAH;20170613;19.2;17.9;19.1
FAH;20170614;19.5;18.2;19.4
FAH;20170615;20.1;18.6;20.3
FAH;20170616;20.0;18.8;19.7
FAH;20170617;18.9;18.2;18.4
FAH;20170618;18.9;18.0;18.6
FAH;20170619;19.8;18.4;20.0
FAH;20170620;21.0;19.3;21.2
FAH;20170621;21.5;19.8;21.6
FAH;20170622;21.6;20.0;21.8
FAH;20170623;21.9;20.3;22.0
FAH;20170624;21.2;20.1;20.9
FAH;20170625;20.3;19.5;20.0
FAH;20170626;20.5;19.3;20.5
FAH;20170627;20.7;19.5;20.5
FAH;20170628;19.8;19.2;19.2
FAH;20170629;18.8;18.4;18.0
FAH;20170630;18.2;17.8;17.6
FAH;20170701;17.5;17.3;16.8
FAH;20170702;17.0;16.8;16.4
FAH;20170703;17.9;17.0;17.8
FAH;20170704;19.1;17.8;19.1
FAH;20170705;20.0;18.6;20.1
FAH;20170706;20.9;19.3;21.1
FAH;20170707;21.2;19.7;21.1
FAH;20170708;21.5;20.0;21.5
FAH;20170709;20.9;20.0;20.5
FAH;20170710;20.2;19.4;19.8
FAH;20170711;19.9;19.0;19.5
FAH;20170712;19.8;19.0;19.3
FAH;20170713;19.8;18.8;19.6
FAH;20170714;20.0;19.1;19.6
FAH;20170715;19.3;18.6;18.8
FAH;20170716;19.4;18.6;19.2
FAH;20170717;20.3;19.1;20.2
FAH;20170718;21.0;19.6;21.0
FAH;20170719;21.2;19.9;21.0
FAH;20170720;20.8;19.8;20.4
FAH;20170721;20.6;19.6;20.3
FAH;20170722;20.5;19.5;20.2
FAH;20170723;19.9;19.3;19.2
FAH;20170724;18.7;18.5;17.9
FAH;20170725;18.1;17.8;17.4
FAH;20170726;18.2;17.8;17.6
FAH;20170727;18.2;17.7;17.7
FAH;20170728;18.5;17.8;18.1
FAH;20170729;19.3;18.1;19.2
FAH;20170730;20.1;19.0;19.9
FAH;20170731;20.4;19.2;20.3
FAH;20170801;21.0;19.7;20.9
FAH;20170802;21.8;20.2;22.0
FAH;20170803;22.5;20.9;22.5
FAH;20170804;22.0;20.9;21.6
FAH;20170805;21.0;20.2;20.4
FAH;20170806;20.5;19.8;20.0
FAH;20170807;19.9;19.4;19.2
FAH;20170808;19.4;19.1;18.6
FAH;20170809;18.9;18.5;18.3
FAH;20170810;17.9;17.9;17.0
FAH;20170811;17.3;17.2;16.4
FAH;20170812;17.2;16.9;16.5
FAH;20170813;18.0;17.2;17.7
FAH;20170814;19.2;18.0;19.1
FAH;20170815;19.9;18.7;19.7
FAH;20170816;20.2;19.1;20.1
FAH;20170817;20.4;19.3;20.1
FAH;20170818;19.9;19.2;19.5
FAH;20170819;19.3;18.8;18.7
FAH;20170820;18.6;18.2;17.9
FAH;20170821;18.5;18.0;18.0
FAH;20170822;18.9;18.2;18.5
FAH;20170823;19.6;18.6;19.4
FAH;20170824;20.0;19.0;19.6
FAH;20170825;19.9;18.9;19.7
FAH;20170826;20.2;19.2;19.9
FAH;20170827;20.0;19.1;19.6
FAH;20170828;20.3;19.2;20.2
FAH;20170829;20.6;19.5;20.4
FAH;20170830;20.5;19.6;20.1
FAH;20170831;19.3;19.0;18.4
FAH;20170901;18.2;18.1;17.3
FAH;20170902;17.2;17.3;16.3
FAH;20170903;16.9;16.8;16.3
FAH;20170904;17.4;16.9;16.9
FAH;20170905;18.3;17.4;18.0
FAH;20170906;18.3;17.7;17.6
FAH;20170907;17.3;17.1;16.5
FAH;20170908;16.5;16.5;15.6
FAH;20170909;15.9;16.0;15.0
FAH;20170910;15.9;15.7;15.2
FAH;20170911;15.4;15.5;14.5
FAH;20170912;15.0;15.0;14.1
FAH;20170913;14.7;14.8;14.0
FAH;20170914;14.3;14.5;13.3
FAH;20170915;14.0;14.0;13.3
FAH;20170916;13.6;13.9;12.4
FAH;20170917;12.7;13.1;11.8
FAH;20170918;12.7;12.8;11.9
FAH;20170919;13.1;13.0;12.3
FAH;20170920;13.6;13.2;13.0
FAH;20170921;13.6;13.3;12.9
FAH;20170922;13.8;13.5;13.3
FAH;20170923;14.2;13.7;13.7
FAH;20170924;14.7;14.1;14.3
FAH;20170925;14.8;14.3;14.2
FAH;20170926;14.4;14.1;13.8
FAH;20170927;15.1;14.3;14.8
FAH;20170928;15.2;14.6;14.7
FAH;20170929;15.5;14.8;15.2
FAH;20170930;15.2;14.8;14.5
FAH;20171001;14.4;14.2;13.7
FAH;20171002;14.5;14.1;13.9
FAH;20171003;14.7;14.2;14.0
FAH;20171004;13.6;13.7;12.7
FAH;20171005;13.4;13.3;12.7
FAH;20171006;13.3;13.2;12.5
FAH;20171007;12.6;12.7;11.7
FAH;20171008;12.5;12.5;11.7
FAH;20171009;12.7;12.5;12.1
FAH;20171010;12.4;12.3;11.6
FAH;20171011;12.7;12.4;12.1
FAH;20171012;12.9;12.5;12.3
FAH;20171013;12.9;12.5;12.3
FAH;20171014;13.2;12.7;12.7
FAH;20171015;13.3;12.9;12.9
FAH;20171016;13.5;13.0;13.1
FAH;20171017;13.3;13.0;12.8
FAH;20171018;13.1;12.8;12.5
FAH;20171019;13.2;12.8;12.8
FAH;20171020;13.0;12.7;12.4
FAH;20171021;13.3;12.8;12.8
FAH;20171022;12.3;12.4;11.3
FAH;20171023;11.4;11.6;10.5
FAH;20171024;11.8;11.6;11.3
FAH;20171025;12.1;11.7;11.5
FAH;20171026;12.3;11.9;11.8
FAH;20171027;12.3;12.0;11.6
FAH;20171028;11.1;11.3;10.0
FAH;20171029;10.5;10.7;9.5
FAH;20171030;9.8;10.2;8.7
FAH;20171031;9.1;9.6;7.9
FAH;20171101;8.9;9.2;8.0
FAH;20171102;9.4;9.3;8.7
FAH;20171103;10.4;9.9;9.9
FAH;20171104;10.6;10.2;10.0
FAH;20171105;10.4;10.3;9.5
FAH;20171106;9.3;9.6;8.2
FAH;20171107;8.6;9.0;7.6
FAH;20171108;8.5;8.7;7.6
FAH;20171109;8.3;8.5;7.4
FAH;20171110;8.1;8.4;7.2
FAH;20171111;8.1;8.2;7.4
FAH;20171112;8.2;8.2;7.3
FAH;20171113;7.1;7.5;6.1
FAH;20171114;7.1;7.4;6.3
FAH;20171115;6.6;7.1;5.5
FAH;20171116;5.9;6.5;4.7
FAH;20171117;5.9;6.3;5.1
FAH;20171118;6.4;6.6;5.6
FAH;20171119;6.2;6.4;5.2
FAH;20171120;6.1;6.3;5.2
FAH;20171121;6.4;6.4;5.7
FAH;20171122;6.5;6.5;5.8
FAH;20171123;6.6;6.5;6.0
FAH;20171124;7.4;7.0;7.0
FAH;20171125;7.3;7.3;6.5
FAH;20171126;6.3;6.6;5.4
FAH;20171127;5.8;6.1;4.8
FAH;20171128;5.5;5.9;4.6
FAH;20171129;5.2;5.5;4.2
FAH;20171130;4.8;5.2;3.8
FAH;20171201;4.6;5.0;3.7
FAH;20171202;4.1;4.7;2.9
FAH;20171203;3.9;4.5;2.9
FAH;20171204;4.3;4.6;3.5
FAH;20171205;4.4;4.6;3.6
FAH;20171206;4.4;4.6;3.5
FAH;20171207;4.0;4.4;3.1
FAH;20171208;4.4;4.4;3.7
FAH;20171209;4.2;4.4;3.4
FAH;20171210;3.8;4.1;3.0
FAH;20171211;4.7;4.4;4.2
FAH;20171212;4.5;4.6;3.6
FAH;20171213;3.5;4.0;2.6
FAH;20171214;4.0;3.9;3.3
FAH;20171215;3.7;3.8;2.9
FAH;20171216;3.7;3.9;2.9
FAH;20171217;3.7;3.8;2.9
FAH;20171218;3.6;3.7;2.8
FAH;20171219;3.6;3.7;2.8
FAH;20171220;3.6;3.7;2.9
FAH;20171221;3.8;3.7;3.2
FAH;20171222;4.5;4.2;4.1
FAH;20171223;5.0;4.6;4.6
FAH;20171224;5.0;4.8;4.4
FAH;20171225;4.6;4.6;3.9
FAH;20171226;4.2;4.3;3.5
FAH;20171227;4.1;4.1;3.4
FAH;20171228;3.9;4.0;3.1
FAH;20171229;3.8;3.8;3.0
FAH;20171230;4.1;3.8;3.7
FAH;20171231;5.7;4.9;5.5
FAH;20180101;5.5;5.1;4.9
FAH;20180102;4.8;4.8;4.1
FAH;20180103;5.4;5.1;5.0
FAH;20180104;5.9;5.3;5.7
FAH;20180105;6.8;6.1;6.5
FAH;20180106;6.8;6.2;6.3
FAH;20180107;6.3;6.0;5.7
FAH;20180108;5.8;5.7;5.0
FAH;20180109;5.5;5.4;4.9
FAH;20180110;5.1;5.1;4.3
FAH;20180111;5.2;5.0;4.6
FAH;20180112;5.3;5.1;4.6
FAH;20180113;4.8;4.9;4.0
FAH;20180114;3.9;4.3;2.9
FAH;20180115;3.4;3.7;2.6
FAH;20180116;4.4;4.1;4.0
FAH;20180117;4.1;4.2;3.3
FAH;20180118;3.9;3.9;3.3
FAH;20180119;4.5;4.3;3.8
FAH;20180120;4.1;4.1;3.4
FAH;20180121;4.6;4.3;4.1
FAH;20180122;5.5;4.7;5.3
FAH;20180123;5.7;5.2;5.2
FAH;20180124;5.7;5.2;5.3
FAH;20180125;5.7;5.3;5.2
FAH;20180126;5.8;5.4;5.2
FAH;20180127;5.4;5.2;4.8
FAH;20180128;5.6;5.2;5.1
FAH;20180129;5.9;5.4;5.4
FAH;20180130;6.1;5.6;5.7
FAH;20180131;5.9;5.6;5.3
FAH;20180201;5.1;5.2;4.2
FAH;20180202;4.3;4.6;3.4
FAH;20180203;3.8;4.1;2.9
FAH;20180204;3.4;3.7;2.5
FAH;20180205;3.1;3.4;2.2
FAH;20180206;2.9;3.2;2.0
FAH;20180207;2.9;3.1;2.0
FAH;20180208;2.8;3.0;2.0
FAH;20180209;3.1;3.1;2.3
FAH;20180210;3.0;3.1;2.3
FAH;20180211;2.9;3.0;2.1
FAH;20180212;2.8;2.9;2.1
FAH;20180213;2.3;2.6;1.3
FAH;20180214;2.1;2.3;1.3
FAH;20180215;2.6;2.4;2.1
FAH;20180216;4.5;3.6;4.4
FAH;20180217;4.1;3.9;3.5
FAH;20180218;3.5;3.5;2.6
FAH;20180219;3.1;3.2;2.3
FAH;20180220;3.0;3.1;2.1
FAH;20180221;2.4;2.8;1.4
FAH;20180222;1.8;2.3;0.7
FAH;20180223;1.3;1.8;0.3
FAH;20180224;1.1;1.5;0.1
FAH;20180225;0.9;1.3;-0.1
FAH;20180226;0.6;1.1;-0.4
FAH;20180227;0.4;0.9;-0.6
FAH;20180228;0.2;0.7;-0.8
FAH;20180301;0.1;0.6;-0.7
FAH;20180302;0.2;0.5;-0.6
FAH;20180303;0.2;0.5;-0.5
FAH;20180304;0.3;0.4;-0.5
FAH;20180305;0.4;0.5;-0.5
FAH;20180306;0.4;0.6;-0.4
FAH;20180307;1.0;0.8;0.5
FAH;20180308;2.2;1.6;2.0
FAH;20180309;3.5;2.6;3.4
FAH;20180310;4.9;3.7;4.9
FAH;20180311;5.5;4.5;5.4
FAH;20180312;5.5;4.7;5.3
FAH;20180313;5.2;4.7;4.7
FAH;20180314;5.6;4.7;5.4
FAH;20180315;5.4;4.9;4.9
FAH;20180316;5.6;4.9;5.3
FAH;20180317;5.4;5.0;4.7
FAH;20180318;4.3;4.3;3.4
FAH;20180319;3.8;3.8;3.0
FAH;20180320;3.4;3.5;2.6
FAH;20180321;3.4;3.3;2.7
FAH;20180322;3.0;3.1;2.2
FAH;20180323;3.8;3.3;3.3
FAH;20180324;4.5;3.9;4.2
FAH;20180325;5.2;4.5;4.9
FAH;20180326;5.1;4.6;4.6
FAH;20180327;5.5;4.8;5.2
FAH;20180328;6.3;5.4;6.0
FAH;20180329;6.3;5.6;5.8
FAH;20180330;5.6;5.3;4.9
FAH;20180331;5.9;5.3;5.6
FAH;20180401;5.9;5.5;5.2
FAH;20180402;5.7;5.2;5.3
FAH;20180403;7.1;6.0;7.1
FAH;20180404;7.8;6.8;7.5
FAH;20180405;7.5;6.7;7.1
FAH;20180406;7.5;6.7;7.3
FAH;20180407;8.6;7.3;8.6
FAH;20180408;9.7;8.2;9.8
FAH;20180409;10.3;8.9;10.3
FAH;20180410;9.7;8.9;9.2
FAH;20180411;8.8;8.2;8.4
FAH;20180412;9.7;8.6;9.6
FAH;20180413;10.0;9.0;9.7
FAH;20180414;10.1;9.1;10.0
FAH;20180415;11.2;9.7;11.2
FAH;20180416;11.6;10.3;11.6
FAH;20180417;12.0;10.6;12.0
FAH;20180418;12.3;11.0;12.2
FAH;20180419;12.8;11.3;12.9
FAH;20180420;13.4;11.8;13.5
FAH;20180421;13.9;12.3;14.0
FAH;20180422;14.2;12.7;14.1
FAH;20180423;13.7;12.7;13.4
FAH;20180424;13.5;12.3;13.3
FAH;20180425;13.3;12.4;13.0
FAH;20180426;12.8;12.1;12.2
FAH;20180427;12.5;11.7;12.2
FAH;20180428;13.0;12.0;12.7
FAH;20180429;13.5;12.3;13.4
FAH;20180430;13.1;12.4;12.4
FAH;20180501;12.5;11.9;11.9
FAH;20180502;12.2;11.7;11.6
FAH;20180503;12.1;11.5;11.6
FAH;20180504;12.2;11.5;11.9
FAH;20180505;13.1;11.9;13.1
FAH;20180506;14.3;12.8;14.4
FAH;20180507;14.9;13.4;14.8
FAH;20180508;15.4;13.9;15.4
FAH;20180509;15.7;14.3;15.6
FAH;20180510;14.7;14.0;14.0
FAH;20180511;14.7;13.5;14.4
FAH;20180512;15.5;14.1;15.4
FAH;20180513;14.3;13.9;13.3
FAH;20180514;12.7;12.5;11.9
FAH;20180515;12.9;12.3;12.4
FAH;20180516;12.7;12.2;12.1
FAH;20180517;13.0;12.2;12.7
FAH;20180518;13.9;12.8;13.8
FAH;20180519;14.8;13.5;14.6
FAH;20180520;15.1;14.0;14.8
FAH;20180521;15.7;14.4;15.6
FAH;20180522;16.0;14.7;15.8
FAH;20180523;16.1;14.9;15.9
FAH;20180524;16.6;15.2;16.5
FAH;20180525;17.1;15.6;17.1
FAH;20180526;17.9;16.3;18.0
FAH;20180527;18.1;16.7;18.0
FAH;20180528;18.1;16.7;17.9
FAH;20180529;18.3;16.9;18.1
FAH;20180530;18.8;17.3;18.8
FAH;20180531;18.8;17.6;18.5
FAH;20180601;18.1;17.1;17.8
FAH;20180602;18.6;17.2;18.5
FAH;20180603;19.1;17.7;18.9
FAH;20180604;19.4;18.0;19.2
FAH;20180605;19.6;18.2;19.5
FAH;20180606;19.6;18.3;19.4
FAH;20180607;19.5;18.2;19.2
FAH;20180608;19.4;18.2;19.1
FAH;20180609;19.6;18.4;19.4
FAH;20180610;20.0;18.6;20.0
FAH;20180611;20.1;18.9;19.7
FAH;20180612;19.4;18.5;18.9
FAH;20180613;18.3;17.9;17.6
FAH;20180614;17.9;17.4;17.4
FAH;20180615;18.6;17.6;18.3
FAH;20180616;19.2;18.1;19.0
FAH;20180617;19.4;18.4;19.0
FAH;20180618;19.0;18.2;18.7
FAH;20180619;19.4;18.2;19.2
FAH;20180620;20.3;18.9;20.3
FAH;20180621;20.7;19.4;20.4
FAH;20180622;19.7;19.0;19.0
FAH;20180623;18.9;18.4;18.3
FAH;20180624;18.7;18.1;18.0
FAH;20180625;18.6;17.9;18.0
FAH;20180626;18.9;18.0;18.5
FAH;20180627;19.3;18.3;18.9
FAH;20180628;18.8;18.1;18.1
FAH;20180629;18.6;17.9;18.1
FAH;20180630;20.0;18.4;20.0
FAH;20180701;20.8;19.3;20.7
FAH;20180702;21.2;19.6;21.1
FAH;20180703;21.1;19.8;20.8
FAH;20180704;21.4;19.9;21.3
FAH;20180705;20.6;19.7;20.0
FAH;20180706;19.9;19.1;19.4
FAH;20180707;20.5;19.3;20.3
FAH;20180708;20.8;19.6;20.6
FAH;20180709;20.8;19.7;20.5
FAH;20180710;20.5;19.6;19.9
FAH;20180711;19.3;18.9;18.5
FAH;20180712;19.2;18.5;18.8
FAH;20180713;20.1;18.9;19.9
FAH;20180714;20.8;19.5;20.7
FAH;20180715;19.5;18.9;19.0
FAH;20180716;19.4;18.4;19.3
FAH;20180717;20.3;19.1;20.0
FAH;20180718;20.6;19.4;20.5
FAH;20180719;20.9;19.7;20.7
FAH;20180720;20.8;19.7;20.4
FAH;20180721;20.0;19.3;19.4
FAH;20180722;19.9;19.0;19.5
FAH;20180723;20.4;19.2;20.3
FAH;20180724;21.1;19.7;21.2
FAH;20180725;21.8;20.2;21.8
FAH;20180726;21.8;20.3;21.9
FAH;20180727;22.1;20.6;22.2
FAH;20180728;21.1;20.3;20.5
FAH;20180729;21.2;19.9;21.1
FAH;20180730;22.0;20.4;21.9
FAH;20180731;22.4;20.8;22.4
FAH;20180801;22.6;21.1;22.5
FAH;20180802;22.6;21.1;22.6
FAH;20180803;23.2;21.5;23.4
FAH;20180804;23.6;21.9;23.7
FAH;20180805;23.4;21.9;23.5
FAH;20180806;23.5;21.9;23.6
FAH;20180807;22.9;21.8;22.6
FAH;20180808;22.1;21.2;21.7
FAH;20180809;21.3;20.7;20.6
FAH;20180810;20.4;19.9;19.7
FAH;20180811;19.7;19.3;18.9
FAH;20180812;20.1;19.3;19.8
FAH;20180813;20.0;19.4;19.3
FAH;20180814;19.7;19.1;19.2
FAH;20180815;19.6;18.9;19.3
FAH;20180816;20.4;19.2;20.3
FAH;20180817;20.7;19.7;20.4
FAH;20180818;20.6;19.7;20.2
FAH;20180819;20.7;19.6;20.6
FAH;20180820;20.9;19.8;20.7
FAH;20180821;21.6;20.2;21.5
FAH;20180822;21.7;20.5;21.5
FAH;20180823;21.5;20.3;21.3
FAH;20180824;20.2;19.9;19.2
FAH;20180825;17.5;18.1;16.2
FAH;20180826;16.8;16.9;16.1
FAH;20180827;17.5;17.1;17.0
FAH;20180828;18.8;17.8;18.7
FAH;20180829;19.0;18.3;18.5
FAH;20180830;18.3;17.9;17.7
FAH;20180831;17.2;17.3;16.1
FAH;20180901;16.4;16.4;15.6
FAH;20180902;15.9;16.0;15.1
FAH;20180903;16.6;16.2;16.0
FAH;20180904;16.8;16.3;16.4
FAH;20180905;17.5;16.7;17.3
FAH;20180906;17.3;16.9;16.7
FAH;20180907;17.5;16.8;17.0
FAH;20180908;17.2;16.6;16.8
FAH;20180909;17.6;16.8;17.3
FAH;20180910;17.7;17.0;17.3
FAH;20180911;18.0;17.2;17.8
FAH;20180912;18.4;17.5;18.2
FAH;20180913;18.7;17.8;18.3
FAH;20180914;18.4;17.7;17.9
FAH;20180915;17.6;17.1;17.0
FAH;20180916;17.2;16.8;16.7
FAH;20180917;17.6;16.8;17.3
FAH;20180918;18.2;17.2;17.9
FAH;20180919;18.5;17.5;18.2
FAH;20180920;18.7;17.7;18.5
FAH;20180921;17.8;17.4;17.1
FAH;20180922;16.3;16.3;15.7
FAH;20180923;16.5;16.2;16.0
FAH;20180924;15.2;15.6;14.1
FAH;20180925;13.7;14.4;12.4
FAH;20180926;13.8;13.9;13.1
FAH;20180927;14.7;14.4;14.3
FAH;20180928;15.3;14.8;14.9
FAH;20180929;14.8;14.8;13.9
FAH;20180930;14.5;14.3;13.9
FAH;20181001;13.7;14.0;12.7
FAH;20181002;12.5;12.9;11.6
FAH;20181003;12.7;12.8;12.0
FAH;20181004;13.2;13.0;12.6
FAH;20181005;13.8;13.3;13.3
FAH;20181006;14.4;13.8;14.0
FAH;20181007;14.4;14.0;14.0
FAH;20181008;14.5;14.1;13.8
FAH;20181009;14.3;13.9;13.8
FAH;20181010;14.4;14.0;14.0
FAH;20181011;14.2;13.9;13.7
FAH;20181012;14.8;14.1;14.5
FAH;20181013;14.9;14.3;14.5
FAH;20181014;14.8;14.3;14.3
FAH;20181015;14.1;13.9;13.5
FAH;20181016;14.0;13.7;13.4
FAH;20181017;13.7;13.5;13.1
FAH;20181018;13.6;13.4;13.0
FAH;20181019;13.6;13.3;12.9
FAH;20181020;13.0;12.9;12.2
FAH;20181021;12.8;12.7;12.0
FAH;20181022;11.6;12.0;10.5
FAH;20181023;11.6;11.7;10.9
FAH;20181024;11.4;11.5;10.5
FAH;20181025;11.0;11.2;10.2
FAH;20181026;10.9;11.0;10.1
FAH;20181027;10.0;10.6;8.7
FAH;20181028;7.1;8.5;5.5
FAH;20181029;7.1;8.0;5.9
FAH;20181030;6.8;7.7;5.7
FAH;20181031;6.7;7.4;5.6
FAH;20181101;7.6;7.7;6.9
FAH;20181102;7.9;8.1;7.1
FAH;20181103;8.4;8.4;7.7
FAH;20181104;8.4;8.5;7.7
FAH;20181105;9.2;8.8;8.7
FAH;20181106;9.4;9.2;8.8
FAH;20181107;9.7;9.4;9.2
FAH;20181108;9.9;9.6;9.2
FAH;20181109;9.7;9.5;9.0
FAH;20181110;9.7;9.5;9.1
FAH;20181111;10.3;9.8;9.8
FAH;20181112;10.2;9.9;9.8
FAH;20181113;10.5;10.1;9.8
FAH;20181114;9.1;9.3;8.3
FAH;20181115;9.4;9.3;8.7
FAH;20181116;8.8;9.1;7.8
FAH;20181117;7.1;8.0;5.8
FAH;20181118;5.8;6.8;4.4
FAH;20181119;5.0;6.0;3.7
FAH;20181120;5.0;5.6;4.0
FAH;20181121;5.0;5.5;4.1
FAH;20181122;5.3;5.7;4.5
FAH;20181123;5.3;5.7;4.4
FAH;20181124;5.9;5.9;5.3
FAH;20181125;5.5;5.8;4.6
FAH;20181126;5.6;5.8;4.8
FAH;20181127;5.5;5.8;4.7
FAH;20181128;5.2;5.5;4.4
FAH;20181129;5.7;5.8;5.0
FAH;20181130;5.7;5.8;5.0
FAH;20181201;6.1;6.0;5.5
FAH;20181202;7.0;6.4;6.7
FAH;20181203;8.5;7.5;8.2
FAH;20181204;8.3;7.8;7.7
FAH;20181205;7.8;7.5;7.1
FAH;20181206;8.1;7.7;7.7
FAH;20181207;8.4;8.0;7.9
FAH;20181208;7.2;7.4;6.3
FAH;20181209;6.7;6.8;5.9
FAH;20181210;6.1;6.3;5.2
FAH;20181211;5.3;5.7;4.3
FAH;20181212;3.6;4.7;2.3
FAH;20181213;2.9;3.8;1.8
FAH;20181214;2.5;3.4;1.4
FAH;20181215;2.3;3.1;1.2
FAH;20181216;2.5;2.9;1.7
FAH;20181217;3.2;3.3;2.5
FAH;20181218;3.0;3.5;2.1
FAH;20181219;3.3;3.4;2.6
FAH;20181220;4.1;3.9;3.5
FAH;20181221;5.0;4.5;4.7
FAH;20181222;6.6;5.7;6.3
FAH;20181223;6.8;6.1;6.4
FAH;20181224;7.2;6.6;6.6
FAH;20181225;5.1;5.5;4.0
FAH;20181226;4.0;4.6;2.9
FAH;20181227;3.2;3.9;2.2
FAH;20181228;3.0;3.5;2.1
FAH;20181229;3.2;3.5;2.3
FAH;20181230;3.3;3.4;2.5
FAH;20181231;3.9;3.8;3.4
FAH;20190101;4.2;4.1;3.5
FAH;20190102;3.8;4.0;3.0
FAH;20190103;2.6;3.3;1.5
FAH;20190104;2.1;2.7;1.1
FAH;20190105;2.1;2.5;1.2
FAH;20190106;2.4;2.6;1.6
FAH;20190107;2.6;2.8;2.0
FAH;20190108;2.7;2.8;2.0
FAH;20190109;2.8;2.9;2.0
FAH;20190110;2.6;2.8;1.9
FAH;20190111;2.6;2.7;1.7
FAH;20190112;2.6;2.7;1.9
FAH;20190113;2.9;2.8;2.4
FAH;20190114;3.7;3.4;3.2
FAH;20190115;3.4;3.3;2.8
FAH;20190116;2.6;3.0;1.8
FAH;20190117;3.1;2.9;2.5
FAH;20190118;2.7;2.9;1.9
FAH;20190119;1.7;2.3;0.7
FAH;20190120;1.3;1.8;0.3
FAH;20190121;1.2;1.6;0.4
FAH;20190122;1.2;1.5;0.4
FAH;20190123;1.1;1.5;0.3
FAH;20190124;1.1;1.4;0.3
FAH;20190125;0.9;1.2;0.0
FAH;20190126;0.8;1.1;0.0
FAH;20190127;1.3;1.2;0.7
FAH;20190128;1.7;1.6;1.0
FAH;20190129;1.7;1.7;0.9
FAH;20190130;1.7;1.7;0.9
FAH;20190131;1.5;1.6;0.8
FAH;20190201;1.6;1.6;1.0
FAH;20190202;1.9;1.7;1.4
FAH;20190203;1.9;1.9;1.2
FAH;20190204;1.6;1.7;0.8
FAH;20190205;1.4;1.6;0.6
FAH;20190206;1.2;1.4;0.3
FAH;20190207;1.0;1.2;0.3
FAH;20190208;1.6;1.4;1.2
FAH;20190209;2.9;2.2;2.6
FAH;20190210;3.8;3.1;3.5
FAH;20190211;3.2;3.0;2.5
FAH;20190212;2.8;2.7;2.2
FAH;20190213;2.5;2.5;1.8
FAH;20190214;2.7;2.5;2.1
FAH;20190215;3.2;2.8;2.8
FAH;20190216;3.5;3.1;3.1
FAH;20190217;3.9;3.4;3.5
FAH;20190218;3.9;3.5;3.4
FAH;20190219;3.9;3.5;3.4
FAH;20190220;4.2;3.7;3.7
FAH;20190221;4.3;3.9;3.9
FAH;20190222;4.8;4.2;4.5
FAH;20190223;5.0;4.5;4.4
FAH;20190224;4.4;4.2;3.8
FAH;20190225;4.5;4.1;4.0
FAH;20190226;5.2;4.5;4.9
FAH;20190227;5.8;5.0;5.6
FAH;20190228;5.9;5.3;5.5
FAH;20190301;6.2;5.6;5.7
FAH;20190302;5.9;5.4;5.4
FAH;20190303;6.3;5.6;5.9
FAH;20190304;6.2;5.7;5.6
FAH;20190305;5.6;5.3;5.0
FAH;20190306;5.6;5.2;5.0
FAH;20190307;6.3;5.6;5.8
FAH;20190308;6.1;5.7;5.6
FAH;20190309;6.2;5.7;5.8
FAH;20190310;7.3;6.3;7.0
FAH;20190311;5.6;5.8;4.6
FAH;20190312;4.8;4.8;4.2
FAH;20190313;5.1;5.0;4.4
FAH;20190314;4.8;4.8;4.1
FAH;20190315;5.7;5.0;5.5
FAH;20190316;7.1;6.0;6.9
FAH;20190317;6.7;6.2;6.0
FAH;20190318;5.7;5.6;4.9
FAH;20190319;5.2;5.2;4.5
FAH;20190320;5.2;5.0;4.5
FAH;20190321;5.7;5.2;5.2
FAH;20190322;6.4;5.7;6.1
FAH;20190323;7.3;6.4;7.1
FAH;20190324;7.9;6.9;7.6
FAH;20190325;7.6;7.0;6.9
FAH;20190326;7.0;6.6;6.4
FAH;20190327;6.5;6.3;5.8
FAH;20190328;6.8;6.3;6.4
FAH;20190329;7.9;6.9;7.7
FAH;20190330;8.4;7.4;8.2
FAH;20190331;8.9;7.9;8.7
FAH;20190401;9.2;8.2;8.9
FAH;20190402;9.2;8.3;8.9
FAH;20190403;8.2;8.1;7.1
FAH;20190404;5.5;6.2;4.2
FAH;20190405;4.8;5.2;3.9
FAH;20190406;5.8;5.3;5.4
FAH;20190407;6.7;6.2;6.2
FAH;20190408;7.2;6.5;6.8
FAH;20190409;7.6;6.8;7.3
FAH;20190410;8.1;7.4;7.7
FAH;20190411;8.2;7.5;7.7
FAH;20190412;7.9;7.4;7.4
FAH;20190413;7.5;7.3;6.7
FAH;20190414;6.6;6.7;5.7
FAH;20190415;7.3;6.7;6.9
FAH;20190416;8.1;7.4;7.7
FAH;20190417;9.6;8.2;9.6
FAH;20190418;10.7;9.2;10.7
FAH;20190419;11.5;10.1;11.5
FAH;20190420;12.0;10.6;12.0
FAH;20190421;12.2;10.9;12.0
FAH;20190422;12.3;11.1;12.2
FAH;20190423;12.8;11.5;12.7
FAH;20190424;12.5;11.6;12.0
FAH;20190425;11.8;11.0;11.4
FAH;20190426;11.1;10.7;10.4
FAH;20190427;10.6;10.4;9.8
FAH;20190428;9.4;9.4;8.5
FAH;20190429;9.8;9.3;9.3
FAH;20190430;10.2;9.7;9.6
FAH;20190501;10.6;9.7;10.4
FAH;20190502;11.1;10.4;10.6
FAH;20190503;10.8;10.2;10.3
FAH;20190504;9.8;9.9;8.8
FAH;20190505;8.2;8.5;7.2
FAH;20190506;8.1;8.1;7.5
FAH;20190507;9.3;8.6;9.0
FAH;20190508;10.4;9.6;9.9
FAH;20190509;10.0;9.4;9.5
FAH;20190510;11.0;10.0;10.8
FAH;20190511;11.6;10.7;11.0
FAH;20190512;11.6;10.6;11.4
FAH;20190513;11.6;10.9;11.0
FAH;20190514;11.5;10.8;11.0
FAH;20190515;11.2;10.7;10.6
FAH;20190516;11.3;10.6;10.9
FAH;20190517;11.6;10.9;11.1
FAH;20190518;12.4;11.3;12.3
FAH;20190519;12.9;11.9;12.6
FAH;20190520;12.3;11.8;11.7
FAH;20190521;11.9;11.3;11.5
FAH;20190522;13.3;11.9;13.2
FAH;20190523;14.4;12.9;14.3
FAH;20190524;15.4;13.8;15.4
FAH;20190525;15.8;14.3;15.7
FAH;20190526;15.9;14.5;15.7
FAH;20190527;15.2;14.4;14.7
FAH;20190528;14.7;14.0;14.1
FAH;20190529;14.4;13.7;13.9
FAH;20190530;14.9;13.8;14.8
FAH;20190531;16.2;14.7;16.3
FAH;20190601;17.4;15.5;17.6
FAH;20190602;18.3;16.4;18.5
FAH;20190603;18.7;17.0;18.8
FAH;20190604;19.4;17.4;19.7
FAH;20190605;19.6;17.9;19.5
FAH;20190606;17.5;17.2;16.4
FAH;20190607;17.0;16.2;16.5
FAH;20190608;17.1;16.2;16.7
FAH;20190609;16.2;15.9;15.4
FAH;20190610;15.5;15.2;14.8
FAH;20190611;14.8;14.6;14.1
FAH;20190612;15.9;14.8;15.7
FAH;20190613;17.4;15.9;17.5
FAH;20190614;17.2;16.3;16.7
FAH;20190615;17.2;16.2;16.8
FAH;20190616;17.4;16.3;17.1
FAH;20190617;18.3;16.8;18.4
FAH;20190618;19.5;17.7;19.7
FAH;20190619;19.8;18.2;19.9
FAH;20190620;19.5;18.4;19.1
FAH;20190621;19.1;18.1;18.8
FAH;20190622;18.7;17.9;18.2
FAH;20190623;19.2;17.9;19.2
FAH;20190624;20.8;18.9;21.1
FAH;20190625;22.1;19.9;22.5
FAH;20190626;23.5;21.0;24.0
FAH;20190627;24.2;21.9;24.6
FAH;20190628;23.3;21.8;23.0
FAH;20190629;22.8;21.4;22.7
FAH;20190630;23.6;21.7;23.8
FAH;20190701;24.2;22.3;24.3
FAH;20190702;23.0;21.9;22.7
FAH;20190703;21.4;21.0;21.0
FAH;20190704;21.4;20.6;21.3
FAH;20190705;22.0;20.8;22.0
FAH;20190706;21.0;20.4;20.5
FAH;20190707;21.1;20.3;20.7
FAH;20190708;20.4;20.0;19.9
FAH;20190709;18.6;19.1;18.4
FAH;20190710;18.6;18.7;18.7
FAH;20190711;18.5;18.6;17.8
FAH;20190712;19.3;18.6;19.1
FAH;20190713;19.6;18.9;19.6
FAH;20190714;18.4;18.3;18.3
FAH;20190715;17.7;17.8;17.2
FAH;20190716;18.7;18.0;18.9
FAH;20190717;19.1;18.4;18.9
FAH;20190718;19.7;18.9;19.6
FAH;20190719;20.3;19.3;20.4
FAH;20190720;20.6;19.5;20.6
FAH;20190721;21.2;20.1;20.9
FAH;20190722;21.2;20.2;21.2
FAH;20190723;22.2;20.6;22.8
FAH;20190724;23.1;21.3;23.7
FAH;20190725;24.0;21.9;24.9
FAH;20190726;23.8;22.2;24.3
FAH;20190727;22.0;21.5;21.3
FAH;20190728;18.6;19.2;17.5
FAH;20190729;19.2;18.7;18.8
FAH;20190730;20.0;19.4;19.5
FAH;20190731;19.9;19.3;19.3
FAH;20190801;19.8;19.1;19.3
FAH;20190802;20.3;19.5;19.8
FAH;20190803;20.6;19.7;20.3
FAH;20190804;20.8;19.8;20.6
FAH;20190805;21.6;20.3;21.4
FAH;20190806;21.5;20.5;21.2
FAH;20190807;20.2;20.0;19.3
FAH;20190808;20.4;19.4;20.1
FAH;20190809;21.4;20.2;21.3
FAH;20190810;21.1;20.4;20.5
FAH;20190811;20.4;20.0;19.7
FAH;20190812;19.1;19.1;18.2
FAH;20190813;18.6;18.5;17.7
FAH;20190814;18.6;18.2;18.0
FAH;20190815;18.4;18.2;17.5
FAH;20190816;18.6;18.0;18.2
FAH;20190817;18.9;18.3;18.4
FAH;20190818;19.8;18.7;19.6
FAH;20190819;19.4;19.0;18.7
FAH;20190820;17.8;18.0;16.6
FAH;20190821;16.9;17.0;16.1
FAH;20190822;17.8;17.3;17.3
FAH;20190823;18.5;17.8;18.0
FAH;20190824;19.1;18.2;18.9
FAH;20190825;19.8;18.8;19.6
FAH;20190826;20.1;19.1;19.9
FAH;20190827;20.2;19.3;20.0
FAH;20190828;21.0;19.8;21.0
FAH;20190829;21.0;20.0;20.6
FAH;20190830;20.8;19.9;20.6
FAH;20190831;20.9;19.9;20.6
FAH;20190901;20.4;19.8;19.8
FAH;20190902;19.2;19.1;18.3
FAH;20190903;18.2;18.2;17.6
FAH;20190904;18.2;17.9;17.6
FAH;20190905;17.1;17.5;16.2
FAH;20190906;15.9;16.6;14.8
FAH;20190907;16.2;16.4;15.6
FAH;20190908;15.7;16.1;14.8
FAH;20190909;15.3;15.6;14.4
FAH;20190910;15.2;15.5;14.4
FAH;20190911;15.5;15.6;14.7
FAH;20190912;16.2;15.8;15.8
FAH;20190913;17.0;16.3;16.8
FAH;20190914;17.4;16.8;17.3
FAH;20190915;18.0;17.2;17.7
FAH;20190916;18.3;17.4;18.0
FAH;20190917;17.2;17.1;16.7
FAH;20190918;13.9;15.6;13.6
FAH;20190919;12.6;14.3;12.1
FAH;20190920;12.6;13.6;12.3
FAH;20190921;15.0;14.4;15.1
FAH;20190922;16.8;15.8;16.8
FAH;20190923;15.9;15.9;15.0
FAH;20190924;14.5;14.9;13.3
FAH;20190925;15.0;14.9;14.3
FAH;20190926;15.2;14.9;14.6
FAH;20190927;15.3;15.0;14.7
FAH;20190928;15.0;14.9;14.2
FAH;20190929;14.5;14.4;13.8
FAH;20190930;15.0;14.7;14.3
FAH;20191001;14.6;14.5;13.9
FAH;20191002;14.4;14.4;13.5
FAH;20191003;13.1;13.6;11.9
FAH;20191004;12.5;13.0;11.4
FAH;20191005;12.8;12.8;12.0
FAH;20191006;13.1;13.0;12.3
FAH;20191007;12.8;12.9;11.9
FAH;20191008;12.8;12.7;12.2
FAH;20191009;13.0;13.1;12.1
FAH;20191010;12.2;12.4;11.3
FAH;20191011;12.1;12.2;11.4
FAH;20191012;13.0;12.5;12.6
FAH;20191013;14.1;13.4;13.8
FAH;20191014;14.2;13.7;13.8
FAH;20191015;13.6;13.6;12.7
FAH;20191016;12.6;12.8;11.8
FAH;20191017;12.9;12.7;12.3
FAH;20191018;13.2;13.0;12.6
FAH;20191019;12.7;12.7;11.9
FAH;20191020;13.0;12.6;12.4
FAH;20191021;13.1;12.9;12.4
FAH;20191022;12.8;12.6;12.0
FAH;20191023;13.0;12.7;12.4
FAH;20191024;13.1;12.8;12.4
FAH;20191025;12.9;12.7;12.1
FAH;20191026;12.2;12.3;11.5
FAH;20191027;12.7;12.4;12.2
FAH;20191028;12.0;12.3;10.8
FAH;20191029;10.7;11.4;9.4
FAH;20191030;10.0;10.7;8.7
FAH;20191031;10.0;10.4;9.0
FAH;20191101;10.7;10.6;10.1
FAH;20191102;11.6;11.1;11.1
FAH;20191103;11.3;11.2;10.5
FAH;20191104;10.6;10.8;9.7
FAH;20191105;10.0;10.3;9.0
FAH;20191106;9.7;9.9;8.7
FAH;20191107;9.1;9.6;8.0
FAH;20191108;8.6;9.1;7.4
FAH;20191109;7.9;8.5;6.6
FAH;20191110;7.1;7.9;5.8
FAH;20191111;6.8;7.5;5.6
FAH;20191112;6.9;7.4;5.8
FAH;20191113;6.6;7.2;5.5
FAH;20191114;6.2;6.8;4.9
FAH;20191115;6.3;6.8;5.2
FAH;20191116;6.0;6.6;4.9
FAH;20191117;5.5;6.3;4.3
FAH;20191118;4.9;5.7;3.8
FAH;20191119;5.0;5.5;4.0
FAH;20191120;5.1;5.6;4.1
FAH;20191121;5.6;5.8;4.8
FAH;20191122;6.1;6.2;5.3
FAH;20191123;5.8;6.1;4.8
FAH;20191124;6.1;6.1;5.4
FAH;20191125;7.0;6.7;6.5
FAH;20191126;7.2;7.0;6.5
FAH;20191127;7.4;7.1;6.8
FAH;20191128;7.5;7.3;6.9
FAH;20191129;7.2;7.2;6.4
FAH;20191130;6.3;6.8;5.2
FAH;20191201;5.5;6.1;4.4
FAH;20191202;5.1;5.8;3.7
FAH;20191203;3.8;4.9;2.2
FAH;20191204;3.1;4.2;1.6
FAH;20191205;2.7;3.7;1.5
FAH;20191206;2.7;3.3;1.8
FAH;20191207;4.4;4.1;4.0
FAH;20191208;5.5;5.0;5.1
FAH;20191209;5.6;5.5;4.8
FAH;20191210;4.9;5.1;3.9
FAH;20191211;3.8;4.4;2.7
FAH;20191212;3.8;4.2;2.9
FAH;20191213;3.9;4.1;3.1
FAH;20191214;4.6;4.4;4.1
FAH;20191215;6.1;5.4;5.9
FAH;20191216;6.2;5.8;5.7
FAH;20191217;6.1;5.8;5.5
FAH;20191218;6.5;6.0;6.1
FAH;20191219;6.1;6.0;5.4
FAH;20191220;5.9;5.8;5.3
FAH;20191221;5.5;5.6;4.6
FAH;20191222;5.4;5.4;4.8
FAH;20191223;5.3;5.3;4.6
FAH;20191224;5.5;5.3;5.0
FAH;20191225;5.9;5.6;5.2
FAH;20191226;4.7;5.1;3.6
FAH;20191227;5.4;5.1;4.9
FAH;20191228;5.3;5.3;4.3
FAH;20191229;3.5;4.4;2.0
FAH;20191230;2.7;3.6;1.4
FAH;20191231;2.8;3.3;1.8
FAH;20200101;2.5;3.1;1.4
FAH;20200102;2.2;2.7;1.2
FAH;20200103;2.9;2.9;2.4
FAH;20200104;4.1;3.8;3.6
FAH;20200105;3.3;3.6;2.4
FAH;20200106;2.8;3.2;1.8
FAH;20200107;2.9;3.0;2.2
FAH;20200108;3.3;3.2;2.6
FAH;20200109;4.5;4.0;4.2
FAH;20200110;5.0;4.5;4.6
FAH;20200111;4.7;4.6;4.0
FAH;20200112;4.2;4.3;3.4
FAH;20200113;3.8;4.0;3.0
FAH;20200114;3.5;3.7;2.7
FAH;20200115;3.6;3.6;2.9
FAH;20200116;4.5;4.1;4.1
FAH;20200117;4.0;4.0;3.2
FAH;20200118;4.2;4.1;3.5
FAH;20200119;3.0;3.5;1.8
FAH;20200120;2.6;3.1;1.5
FAH;20200121;2.0;2.7;0.7
FAH;20200122;1.5;2.2;0.3
FAH;20200123;1.2;1.9;0.0
FAH;20200124;1.6;1.9;0.7
FAH;20200125;2.7;2.4;2.2
FAH;20200126;3.2;3.0;2.7
FAH;20200127;4.1;3.6;3.7
FAH;20200128;4.2;3.9;3.6
FAH;20200129;3.6;3.6;2.9
FAH;20200130;4.1;3.7;3.7
FAH;20200131;6.1;4.9;6.1
FAH;20200201;6.6;5.6;6.4
FAH;20200202;7.2;6.2;7.2
FAH;20200203;8.2;6.9;8.0
FAH;20200204;6.5;6.5;5.5
FAH;20200205;5.0;5.2;4.0
FAH;20200206;3.8;4.4;2.6
FAH;20200207;3.3;3.8;2.2
FAH;20200208;3.4;3.6;2.7
FAH;20200209;4.1;3.8;3.7
FAH;20200210;5.9;5.0;5.8
FAH;20200211;5.2;5.1;4.5
FAH;20200212;4.3;4.5;3.5
FAH;20200213;4.1;4.1;3.3
FAH;20200214;4.6;4.3;4.1
FAH;20200215;4.6;4.4;4.0
FAH;20200216;5.7;5.0;5.6
FAH;20200217;6.6;5.8;6.2
FAH;20200218;5.5;5.4;4.8
FAH;20200219;5.1;5.0;4.3
FAH;20200220;5.3;5.0;4.8
FAH;20200221;5.6;5.3;4.9
FAH;20200222;4.9;4.9;4.1
FAH;20200223;5.7;5.2;5.5
FAH;20200224;7.2;6.1;7.0
FAH;20200225;6.6;6.2;5.9
FAH;20200226;5.0;5.4;4.0
FAH;20200227;4.1;4.5;3.2
FAH;20200228;4.2;4.2;3.7
FAH;20200229;5.6;5.0;5.3
FAH;20200301;6.0;5.5;5.5
FAH;20200302;5.4;5.3;4.6
FAH;20200303;5.0;5.0;4.3
FAH;20200304;5.1;4.9;4.5
FAH;20200305;5.9;5.4;5.5
FAH;20200306;5.4;5.4;4.5
FAH;20200307;4.9;4.9;4.1
FAH;20200308;4.9;4.7;4.3
FAH;20200309;5.5;5.2;4.8
FAH;20200310;5.3;5.1;4.7
FAH;20200311;7.0;5.9;7.1
FAH;20200312;7.6;6.7;7.4
FAH;20200313;7.4;6.8;6.9
FAH;20200314;6.6;6.4;5.8
FAH;20200315;6.5;6.2;6.0
FAH;20200316;7.3;6.6;7.0
FAH;20200317;8.0;7.2;7.8
FAH;20200318;8.6;7.7;8.5
FAH;20200319;9.3;8.2;9.3
FAH;20200320;9.9;8.8;9.8
FAH;20200321;9.2;8.8;8.3
FAH;20200322;7.3;7.6;6.1
FAH;20200323;5.8;6.5;4.5
FAH;20200324;5.2;5.8;4.0
FAH;20200325;5.3;5.6;4.2
FAH;20200326;5.3;5.6;4.4
FAH;20200327;6.0;5.8;5.5
FAH;20200328;7.1;6.4;6.8
FAH;20200329;6.9;6.8;5.9
FAH;20200330;5.7;6.0;4.6
FAH;20200331;5.1;5.4;4.1
FAH;20200401;5.7;5.5;5.0
FAH;20200402;6.3;6.0;5.7
FAH;20200403;6.7;6.3;6.2
FAH;20200404;7.2;6.6;6.8
FAH;20200405;8.2;7.3;8.0
FAH;20200406;9.0;7.9;8.8
FAH;20200407;9.5;8.4;9.3
FAH;20200408;9.9;8.8;9.7
FAH;20200409;10.5;9.3;10.5
FAH;20200410;10.8;9.7;10.7
FAH;20200411;11.4;10.1;11.4
FAH;20200412;11.8;10.5;11.6
FAH;20200413;11.7;10.7;11.3
FAH;20200414;10.3;10.2;9.3
FAH;20200415;9.9;9.7;9.3
FAH;20200416;11.3;10.2;11.2
FAH;20200417;12.4;11.1;12.4
FAH;20200418;12.9;11.6;12.5
FAH;20200419;12.9;11.7;12.7
FAH;20200420;12.8;11.9;12.6
FAH;20200421;11.4;11.4;10.7
FAH;20200422;12.1;11.2;12.0
FAH;20200423;12.8;11.8;12.7
FAH;20200424;13.3;12.2;13.0
FAH;20200425;14.0;12.7;14.0
FAH;20200426;13.2;12.7;12.8
FAH;20200427;13.6;12.6;13.4
FAH;20200428;13.4;12.9;12.7
FAH;20200429;12.5;12.2;11.9
FAH;20200430;11.7;11.8;10.9
FAH;20200501;10.9;11.1;10.2
FAH;20200502;11.3;11.0;10.6
FAH;20200503;11.5;11.0;11.0
FAH;20200504;13.1;11.9;13.1
FAH;20200505;12.7;12.2;11.9
FAH;20200506;12.8;12.0;12.4
FAH;20200507;13.4;12.4;13.2
FAH;20200508;14.8;13.3;14.9
FAH;20200509;15.8;14.3;15.8
FAH;20200510;16.6;15.1;16.7
FAH;20200511;14.9;14.8;13.5
FAH;20200512;12.4;12.7;11.2
FAH;20200513;11.9;12.2;10.6
FAH;20200514;11.0;11.3;10.0
FAH;20200515;11.3;11.1;10.7
FAH;20200516;12.2;11.5;11.9
FAH;20200517;13.4;12.4;13.1
FAH;20200518;14.5;13.2;14.4
FAH;20200519;15.5;14.1;15.5
FAH;20200520;16.2;14.8;16.2
FAH;20200521;16.7;15.2;16.7
FAH;20200522;16.9;15.6;16.8
FAH;20200523;16.0;15.5;15.2
FAH;20200524;14.9;14.4;14.4
FAH;20200525;15.5;14.7;15.0
FAH;20200526;15.8;14.9;15.3
FAH;20200527;16.1;15.2;15.6
FAH;20200528;16.4;15.5;16.0
FAH;20200529;15.9;15.4;15.0
FAH;20200530;15.8;15.3;15.2
FAH;20200531;16.0;15.4;15.4
FAH;20200601;16.5;15.6;16.2
FAH;20200602;17.3;16.1;17.1
FAH;20200603;17.2;16.4;16.7
FAH;20200604;16.6;16.1;15.8
FAH;20200605;15.4;15.3;14.4
FAH;20200606;14.8;14.7;14.1
FAH;20200607;14.9;14.4;14.4
FAH;20200608;15.4;14.8;14.9
FAH;20200609;15.3;14.9;14.6
FAH;20200610;15.2;14.7;14.6
FAH;20200611;15.7;14.9;15.2
FAH;20200612;16.4;15.4;16.2
FAH;20200613;16.7;16.0;16.1
FAH;20200614;16.2;15.6;15.7
FAH;20200615;16.7;15.8;16.4
FAH;20200616;17.2;16.2;16.9
FAH;20200617;15.9;15.7;15.1
FAH;20200618;16.4;15.7;16.0
FAH;20200619;16.9;16.1;16.4
FAH;20200620;17.1;16.2;16.7
FAH;20200621;17.9;16.7;17.7
FAH;20200622;18.6;17.4;18.4
FAH;20200623;18.9;17.7;18.7
FAH;20200624;19.5;18.2;19.3
FAH;20200625;20.1;18.7;20.0
FAH;20200626;20.2;19.0;19.9
FAH;20200627;20.1;19.0;19.9
FAH;20200628;20.1;19.1;19.6
FAH;20200629;19.4;18.7;18.8
FAH;20200630;19.4;18.5;19.0
FAH;20200701;20.0;18.8;19.9
FAH;20200702;20.0;19.1;19.5
FAH;20200703;19.6;18.8;19.0
FAH;20200704;19.2;18.5;18.6
FAH;20200705;19.8;18.8;19.4
FAH;20200706;19.4;18.8;18.5
FAH;20200707;18.6;18.2;17.9
FAH;20200708;18.9;18.2;18.4
FAH;20200709;19.8;18.7;19.6
FAH;20200710;20.1;19.1;19.8
FAH;20200711;19.6;19.0;18.8
FAH;20200712;18.5;18.4;17.7
FAH;20200713;18.9;18.4;18.3
FAH;20200714;19.1;18.5;18.6
FAH;20200715;18.8;18.5;17.9
FAH;20200716;18.0;17.8;17.0
FAH;20200717;17.9;17.4;17.3
FAH;20200718;18.4;17.6;18.0
FAH;20200719;19.2;18.2;19.0
FAH;20200720;19.9;18.8;19.8
FAH;20200721;19.8;19.0;19.5
FAH;20200722;19.9;19.1;19.7
FAH;20200723;20.2;19.3;19.9
FAH;20200724;19.6;19.1;19.1
FAH;20200725;20.3;19.2;20.2
FAH;20200726;20.3;19.4;20.1
FAH;20200727;20.7;19.5;21.2
FAH;20200728;21.3;20.1;21.5
FAH;20200729;20.5;19.7;20.6
FAH;20200730;20.9;19.8;21.8
FAH;20200731;22.6;20.6;23.9
FAH;20200801;23.1;21.4;23.8
FAH;20200802;20.9;20.7;20.1
FAH;20200803;19.1;19.5;18.1
FAH;20200804;18.4;18.5;17.6
FAH;20200805;18.4;18.3;17.8
FAH;20200806;19.5;18.7;19.3
FAH;20200807;20.9;19.5;21.0
FAH;20200808;21.7;20.2;22.0
FAH;20200809;22.0;20.5;22.4
FAH;20200810;22.1;20.8;22.4
FAH;20200811;22.2;20.9;22.0
FAH;20200812;22.1;21.0;21.8
FAH;20200813;21.5;20.7;21.1
FAH;20200814;20.7;20.3;20.0
FAH;20200815;20.6;20.0;20.3
FAH;20200816;20.6;19.9;20.5
FAH;20200817;20.3;19.8;19.6
FAH;20200818;19.6;19.3;18.8
FAH;20200819;19.8;19.2;19.5
FAH;20200820;21.3;19.9;21.6
FAH;20200821;21.7;20.4;22.1
FAH;20200822;20.1;20.1;19.4
FAH;20200823;18.6;18.8;17.9
FAH;20200824;18.3;18.3;17.9
FAH;20200825;18.0;17.8;18.1
FAH;20200826;19.7;18.1;19.7
FAH;20200827;18.1;17.8;18.1
FAH;20200828;17.2;17.7;16.4
FAH;20200829;16.4;17.0;15.4
FAH;20200830;15.7;16.3;14.5
FAH;20200831;15.9;16.0;15.0
FAH;20200901;16.4;16.3;15.6
FAH;20200902;16.7;16.4;16.2
FAH;20200903;16.7;16.5;16.0
FAH;20200904;17.8;16.9;17.8
FAH;20200905;18.4;17.6;18.2
FAH;20200906;17.3;17.3;16.3
FAH;20200907;16.3;16.4;15.4
FAH;20200908;16.5;16.3;16.1
FAH;20200909;16.9;16.5;16.5
FAH;20200910;17.4;16.8;17.3
FAH;20200911;18.1;17.2;18.1
FAH;20200912;18.0;17.4;17.7
FAH;20200913;17.9;17.3;17.9
FAH;20200914;18.5;17.6;18.6
FAH;20200915;19.0;17.9;19.1
FAH;20200916;18.2;17.8;17.8
FAH;20200917;18.1;17.5;18.2
FAH;20200918;18.0;17.4;18.1
FAH;20200919;17.8;17.3;17.4
FAH;20200920;17.8;17.3;17.8
FAH;20200921;17.6;17.2;17.3
FAH;20200922;17.5;17.1;17.1
FAH;20200923;17.2;17.0;16.5
FAH;20200924;15.9;16.3;15.2
FAH;20200925;13.6;15.1;11.9
FAH;20200926;11.8;13.5;10.0
FAH;20200927;11.2;12.5;9.6
FAH;20200928;12.2;12.6;11.2
FAH;20200929;12.7;12.9;11.8
FAH;20200930;13.2;13.1;12.7
FAH;20201001;13.1;13.3;12.1
FAH;20201002;12.6;12.9;11.6
FAH;20201003;11.5;12.0;10.4
FAH;20201004;11.8;12.1;10.8
FAH;20201005;11.5;12.0;10.3
FAH;20201006;11.6;11.8;10.7
FAH;20201007;11.5;11.8;10.5
FAH;20201008;12.1;11.9;11.6
FAH;20201009;12.8;12.5;12.2
FAH;20201010;12.3;12.4;11.3
FAH;20201011;10.9;11.5;9.7
FAH;20201012;10.5;11.1;9.3
FAH;20201013;9.8;10.5;8.6
FAH;20201014;10.0;10.4;8.8
FAH;20201015;9.8;10.3;8.6
FAH;20201016;9.9;10.3;8.9
FAH;20201017;10.0;10.3;9.1
FAH;20201018;10.3;10.4;9.5
FAH;20201019;10.1;10.4;9.2
FAH;20201020;10.1;10.2;9.3
FAH;20201021;11.1;10.7;10.7
FAH;20201022;12.0;11.4;11.7
FAH;20201023;12.3;11.8;11.8
FAH;20201024;12.0;11.8;11.3
FAH;20201025;11.1;11.2;10.3
FAH;20201026;10.3;10.8;9.0
FAH;20201027;9.7;10.2;8.6
FAH;20201028;10.4;10.3;9.7
FAH;20201029;10.5;10.5;9.8
FAH;20201030;10.9;10.7;10.2
FAH;20201031;10.2;10.4;9.3
FAH;20201101;10.9;10.5;10.6
FAH;20201102;12.6;11.5;12.6
FAH;20201103;11.9;11.8;11.1
FAH;20201104;10.3;10.8;8.9
FAH;20201105;9.4;10.1;8.2
FAH;20201106;9.5;9.9;8.5
FAH;20201107;9.3;9.6;8.4
FAH;20201108;10.2;10.0;9.8
FAH;20201109;10.6;10.4;10.0
FAH;20201110;9.9;10.1;9.1
FAH;20201111;10.2;10.0;9.6
FAH;20201112;9.9;10.0;9.0
FAH;20201113;9.7;9.8;9.0
FAH;20201114;9.5;9.7;8.6
FAH;20201115;9.3;9.4;8.7
FAH;20201116;9.4;9.5;8.5
FAH;20201117;8.8;9.2;7.7
FAH;20201118;8.0;8.6;7.0
FAH;20201119;8.3;8.5;7.4
FAH;20201120;7.7;8.3;6.4
FAH;20201121;6.3;7.4;4.7
FAH;20201122;5.5;6.6;4.1
FAH;20201123;5.8;6.4;4.6
FAH;20201124;5.6;6.3;4.4
FAH;20201125;5.2;6.0;4.0
FAH;20201126;5.2;5.8;4.2
FAH;20201127;5.8;6.0;5.0
FAH;20201128;4.8;5.8;3.2
FAH;20201129;4.3;5.3;2.8
FAH;20201130;4.2;5.1;2.9
FAH;20201201;3.8;4.8;2.6
FAH;20201202;3.9;4.7;2.7
FAH;20201203;4.1;4.7;3.1
FAH;20201204;4.3;4.8;3.2
FAH;20201205;3.9;4.5;2.7
FAH;20201206;3.9;4.5;2.9
FAH;20201207;3.9;4.4;2.8
FAH;20201208;3.7;4.3;2.7
FAH;20201209;3.7;4.3;2.7
FAH;20201210;3.1;4.0;1.6
FAH;20201211;2.8;3.6;1.7
FAH;20201212;4.1;4.0;3.6
FAH;20201213;4.8;4.7;4.1
FAH;20201214;4.2;4.5;3.2
FAH;20201215;5.0;4.8;4.5
FAH;20201216;5.7;5.3;5.3
FAH;20201217;5.4;5.4;4.8
FAH;20201218;5.9;5.6;5.5
FAH;20201219;5.5;5.6;4.8
FAH;20201220;6.1;5.8;5.6
FAH;20201221;5.7;5.7;5.1
FAH;20201222;7.4;6.4;7.5
FAH;20201223;7.9;7.1;7.7
FAH;20201224;6.9;7.0;5.9
FAH;20201225;5.5;6.2;4.2
FAH;20201226;4.5;5.3;3.1
FAH;20201227;3.3;4.4;1.9
FAH;20201228;3.8;4.3;2.8
FAH;20201229;3.7;4.2;2.7
FAH;20201230;3.5;4.1;2.5
FAH;20201231;3.2;3.8;2.1
FAH;20210101;3.4;3.8;2.4
FAH;20210102;3.1;3.7;1.9
FAH;20210103;2.8;3.4;1.7
FAH;20210104;2.4;3.1;1.1
FAH;20210105;2.3;2.9;1.1
FAH;20210106;2.2;2.8;1.2
FAH;20210107;2.5;2.9;1.5
FAH;20210108;2.5;3.0;1.5
FAH;20210109;1.7;2.6;0.3
FAH;20210110;1.3;2.2;-0.2
FAH;20210111;1.0;1.9;-0.3
FAH;20210112;0.8;1.6;-0.3
FAH;20210113;0.9;1.5;0.0
FAH;20210114;2.5;2.1;2.1
FAH;20210115;2.2;2.3;1.4
FAH;20210116;1.9;2.2;1.0
FAH;20210117;2.0;2.2;1.2
FAH;20210118;2.1;2.3;1.4
FAH;20210119;2.0;2.3;1.2
FAH;20210120;2.2;2.3;1.5
FAH;20210121;3.2;2.7;3.1
FAH;20210122;4.4;3.7;4.1
FAH;20210123;3.6;3.7;2.7
FAH;20210124;2.7;3.1;1.6
FAH;20210125;2.5;2.8;1.7
FAH;20210126;2.6;2.8;1.8
FAH;20210127;2.4;2.7;1.5
FAH;20210128;3.3;2.7;3.3
FAH;20210129;5.3;4.2;5.2
FAH;20210130;4.9;4.4;4.5
FAH;20210131;5.3;4.7;5.0
FAH;20210201;5.6;5.0;5.2
FAH;20210202;6.1;5.3;6.0
FAH;20210203;6.9;5.9;6.7
FAH;20210204;6.2;5.7;5.6
FAH;20210205;6.4;5.7;6.0
FAH;20210206;6.4;5.9;5.8
FAH;20210207;5.9;5.7;5.1
FAH;20210208;4.6;4.9;3.5
FAH;20210209;3.9;4.3;2.9
FAH;20210210;3.4;3.8;2.4
FAH;20210211;3.3;3.6;2.5
FAH;20210212;3.0;3.3;2.1
FAH;20210213;2.5;3.0;1.4
FAH;20210214;2.1;2.6;0.9
FAH;20210215;2.1;2.5;1.1
FAH;20210216;2.6;2.6;1.9
FAH;20210217;3.8;3.2;3.6
FAH;20210218;3.8;3.5;3.3
FAH;20210219;5.4;4.4;5.4
FAH;20210220;5.6;4.8;5.3
FAH;20210221;5.7;5.0;5.3
FAH;20210222;5.6;5.1;5.2
FAH;20210223;6.2;5.4;6.0
FAH;20210224;6.8;5.9;6.7
FAH;20210225;7.0;6.2;6.8
FAH;20210226;6.8;6.2;6.4
FAH;20210227;6.3;6.1;5.5
FAH;20210228;5.4;5.4;4.5
FAH;20210301;5.5;5.2;4.9
FAH;20210302;6.0;5.5;5.6
FAH;20210303;6.2;5.8;5.8
FAH;20210304;6.5;5.9;6.0
FAH;20210305;6.1;6.0;5.3
FAH;20210306;5.3;5.4;4.5
FAH;20210307;5.4;5.2;4.8
FAH;20210308;5.6;5.4;4.9
FAH;20210309;5.1;5.1;4.3
FAH;20210310;5.6;5.2;5.1
FAH;20210311;6.5;5.8;6.2
FAH;20210312;6.4;6.0;5.8
FAH;20210313;5.7;5.8;4.8
FAH;20210314;4.6;5.0;3.5
FAH;20210315;4.4;4.6;3.4
FAH;20210316;4.3;4.4;3.4
FAH;20210317;4.3;4.4;3.5
FAH;20210318;4.5;4.4;3.7
FAH;20210319;4.2;4.3;3.3
FAH;20210320;4.0;4.2;3.2
FAH;20210321;3.8;4.0;3.0
FAH;20210322;4.2;4.1;3.5
FAH;20210323;4.9;4.4;4.6
FAH;20210324;6.0;5.2;5.9
FAH;20210325;6.7;5.9;6.4
FAH;20210326;7.1;6.2;6.9
FAH;20210327;7.5;6.8;7.0
FAH;20210328;7.2;6.6;6.8
FAH;20210329;8.0;7.0;8.0
FAH;20210330;8.9;7.7;9.0
FAH;20210331;9.9;8.4;10.1
FAH;20210401;10.6;9.1;10.7
FAH;20210402;10.7;9.5;10.6
FAH;20210403;9.2;9.0;8.3
FAH;20210404;8.5;8.2;7.9
FAH;20210405;8.0;7.8;7.2
FAH;20210406;7.1;7.3;6.0
FAH;20210407;6.1;6.6;4.9
FAH;20210408;6.2;6.1;5.6
FAH;20210409;7.1;6.7;6.8
FAH;20210410;8.4;7.5;8.3
FAH;20210411;8.9;8.1;8.5
FAH;20210412;7.3;7.5;6.2
FAH;20210413;6.6;6.7;5.7
FAH;20210414;6.5;6.5;5.7
FAH;20210415;6.4;6.4;5.7
FAH;20210416;6.4;6.4;5.7
FAH;20210417;6.6;6.4;6.0
FAH;20210418;7.1;6.7;6.5
FAH;20210419;7.4;6.8;7.0
FAH;20210420;8.6;7.5;8.5
FAH;20210421;8.8;8.1;8.5
FAH;20210422;9.3;8.3;9.2
FAH;20210423;9.7;8.7;9.5
FAH;20210424;10.4;9.2;10.5
FAH;20210425;11.0;9.8;10.9
FAH;20210426;10.8;9.9;10.5
FAH;20210427;11.0;9.9;10.8
FAH;20210428;11.1;10.2;10.8
FAH;20210429;11.1;10.2;10.7
FAH;20210430;10.0;9.9;9.1
FAH;20210501;9.3;9.2;8.5
FAH;20210502;9.3;8.9;8.8
FAH;20210503;9.8;9.1;9.5
FAH;20210504;10.0;9.5;9.4
FAH;20210505;9.7;9.4;9.0
FAH;20210506;9.4;9.2;8.6
FAH;20210507;9.4;9.0;8.8
FAH;20210508;10.5;9.5;10.5
FAH;20210509;12.7;10.9;13.1
FAH;20210510;12.9;11.9;12.5
FAH;20210511;11.9;11.4;11.3
FAH;20210512;12.3;11.3;12.2
FAH;20210513;12.4;11.7;11.9
FAH;20210514;11.9;11.4;11.3
FAH;20210515;11.5;11.2;10.7
FAH;20210516;11.4;10.9;10.9
FAH;20210517;11.3;10.9;10.6
FAH;20210518;11.9;11.1;11.6
FAH;20210519;11.9;11.5;11.3
FAH;20210520;12.1;11.4;11.8
FAH;20210521;11.9;11.6;11.1
FAH;20210522;11.9;11.2;11.6
FAH;20210523;12.7;11.8;12.4
FAH;20210524;12.9;12.2;12.5
FAH;20210525;12.6;12.1;12.0
FAH;20210526;12.3;12.0;11.6
FAH;20210527;12.8;12.0;12.6
FAH;20210528;13.7;12.6;13.7
FAH;20210529;14.7;13.5;14.7
FAH;20210530;14.9;13.8;14.6
FAH;20210531;15.2;14.0;15.1
FAH;20210601;16.1;14.7;16.3
FAH;20210602;16.9;15.4;17.0
FAH;20210603;17.7;16.1;17.8
FAH;20210604;18.1;16.6;18.0
FAH;20210605;17.5;16.6;16.9
FAH;20210606;16.9;16.1;16.5
FAH;20210607;16.6;15.9;16.2
FAH;20210608;16.9;15.9;16.6
FAH;20210609;17.9;16.5;17.9
FAH;20210610;18.6;17.1;18.6
FAH;20210611;19.2;17.6;19.2
FAH;20210612;19.5;18.1;19.4
FAH;20210613;19.4;18.2;19.2
FAH;20210614;19.4;18.2;19.2
FAH;20210615;20.2;18.6;20.3
FAH;20210616;20.8;19.2;21.0
FAH;20210617;21.4;19.7;21.6
FAH;20210618;21.9;20.1;22.1
FAH;20210619;22.3;20.5;22.4
FAH;20210620;21.0;20.1;20.4
FAH;20210621;20.2;19.4;19.9
FAH;20210622;19.8;19.1;19.3
FAH;20210623;19.8;18.9;19.4
FAH;20210624;19.1;18.7;18.4
FAH;20210625;18.8;18.3;18.2
FAH;20210626;19.1;18.2;18.7
FAH;20210627;19.8;18.8;19.5
FAH;20210628;20.0;19.1;19.6
FAH;20210629;19.2;18.7;18.4
FAH;20210630;18.0;17.9;17.0
FAH;20210701;17.6;17.3;17.0
FAH;20210702;18.3;17.5;18.0
FAH;20210703;18.8;18.1;18.3
FAH;20210704;18.8;18.1;18.3
FAH;20210705;18.6;18.0;18.1
FAH;20210706;18.2;17.8;17.4
FAH;20210707;18.4;17.6;18.2
FAH;20210708;18.4;17.9;17.7
FAH;20210709;18.5;17.8;18.1
FAH;20210710;19.1;18.1;18.7
FAH;20210711;19.4;18.5;19.1
FAH;20210712;19.5;18.7;18.9
FAH;20210713;17.9;18.0;16.9
FAH;20210714;17.8;17.6;16.9
FAH;20210715;16.5;16.7;15.6
FAH;20210716;17.4;16.8;17.1
FAH;20210717;18.4;17.5;18.2
FAH;20210718;19.3;18.2;19.2
FAH;20210719;20.0;18.7;19.9
FAH;20210720;20.3;19.2;20.1
FAH;20210721;20.5;19.4;20.2
FAH;20210722;20.8;19.7;20.6
FAH;20210723;21.1;20.0;20.9
FAH;20210724;20.7;20.0;20.1
FAH;20210725;20.5;19.7;20.0
FAH;20210726;20.3;19.6;19.7
FAH;20210727;19.9;19.3;19.4
FAH;20210728;19.9;19.3;19.3
FAH;20210729;19.7;19.1;19.1
FAH;20210730;19.8;19.2;19.2
FAH;20210731;19.6;19.1;19.1
FAH;20210801;19.1;18.8;18.2
FAH;20210802;18.6;18.3;17.9
FAH;20210803;18.1;18.0;17.1
FAH;20210804;17.6;17.5;16.9
FAH;20210805;17.6;17.3;17.0
FAH;20210806;17.9;17.4;17.4
FAH;20210807;17.7;17.5;16.9
FAH;20210808;17.3;17.0;16.5
FAH;20210809;17.3;16.9;16.7
FAH;20210810;18.0;17.3;17.7
FAH;20210811;19.2;18.0;19.2
FAH;20210812;20.5;18.9;20.6
FAH;20210813;21.1;19.7;21.1
FAH;20210814;21.8;20.2;21.9
FAH;20210815;21.8;20.5;21.6
FAH;20210816;20.5;20.0;19.5
FAH;20210817;19.3;19.0;18.5
FAH;20210818;18.7;18.6;17.8
FAH;20210819;18.8;18.3;18.3
FAH;20210820;19.6;18.6;19.3
FAH;20210821;19.9;18.9;19.6
FAH;20210822;19.5;19.0;18.8
FAH;20210823;18.3;18.2;17.5
FAH;20210824;18.2;17.9;17.5
FAH;20210825;17.8;17.6;17.0
FAH;20210826;17.4;17.3;16.6
FAH;20210827;17.0;17.0;16.2
FAH;20210828;16.6;16.6;15.8
FAH;20210829;16.6;16.5;15.7
FAH;20210830;16.7;16.4;16.1
FAH;20210831;16.7;16.5;16.0
FAH;20210901;16.9;16.4;16.4
FAH;20210902;17.2;16.6;16.8
FAH;20210903;17.8;17.0;17.5
FAH;20210904;18.2;17.4;17.9
FAH;20210905;18.5;17.6;18.3
FAH;20210906;18.8;17.9;18.6
FAH;20210907;18.6;17.9;18.2
FAH;20210908;18.8;17.9;18.7
FAH;20210909;18.5;18.0;17.9
FAH;20210910;17.9;17.6;17.3
FAH;20210911;17.5;17.3;-
FAH;20210912;17.5;17.1;-
FAH;20210913;18.1;17.3;-
FAH;20210914;18.2;17.5;-
FAH;20210915;18.3;17.6;-
FAH;20210916;18.1;17.5;-
FAH;20210917;17.9;17.4;-
FAH;20210918;17.3;17.1;-
FAH;20210919;16.2;16.5;-
FAH;20210920;15.8;15.9;-
FAH;20210921;15.9;15.8;-
FAH;20210922;15.4;15.4;-
FAH;20210923;15.3;15.3;-
FAH;20210924;15.4;15.2;-
FAH;20210925;16.1;15.5;-
FAH;20210926;16.7;16.1;-
FAH;20210927;16.2;15.9;-
FAH;20210928;15.8;15.7;-
FAH;20210929;15.1;15.3;-
FAH;20210930;13.9;14.3;-
FAH;20211001;13.8;13.9;-
FAH;20211002;14.8;14.4;-
FAH;20211003;15.0;14.7;-
FAH;20211004;14.1;14.2;-
FAH;20211005;14.0;14.0;-
FAH;20211006;13.3;13.6;-
FAH;20211007;13.4;13.4;-
FAH;20211008;13.1;13.2;-
FAH;20211009;13.0;13.1;-
FAH;20211010;12.4;12.7;-
FAH;20211011;11.9;12.2;-
FAH;20211012;12.0;12.2;-
FAH;20211013;12.0;12.1;-
FAH;20211014;11.2;11.6;-
FAH;20211015;10.9;11.2;-
FAH;20211016;10.9;11.1;-
FAH;20211017;10.6;10.9;-
FAH;20211018;10.8;10.9;-
FAH;20211019;11.9;11.7;-
FAH;20211020;11.5;11.9;11.4
FAH;20211021;12.2;12.4;12.0
FAH;20211022;11.3;12.0;10.8
FAH;20211023;9.3;10.7;8.4
FAH;20211024;9.1;10.1;8.5
FAH;20211025;9.4;10.2;9.1
FAH;20211026;10.3;10.7;10.1
FAH;20211027;9.5;10.4;9.1
FAH;20211028;9.5;10.2;9.1
FAH;20211029;9.4;10.1;9.0
FAH;20211030;9.5;10.2;9.3
FAH;20211031;11.4;11.1;11.8
FAH;20211101;11.3;11.6;11.0
FAH;20211102;9.8;10.7;9.2
FAH;20211103;9.0;10.0;8.5
FAH;20211104;8.5;9.5;7.9
FAH;20211105;8.5;9.3;8.2
FAH;20211106;8.5;9.3;8.1
FAH;20211107;7.4;8.6;6.9
FAH;20211108;8.3;8.9;8.0
FAH;20211109;7.3;8.5;6.7
FAH;20211110;6.7;7.8;6.1
FAH;20211111;6.9;7.8;6.4
FAH;20211112;6.7;7.6;6.3
FAH;20211113;6.7;7.6;6.4
FAH;20211114;7.9;8.2;7.9
FAH;20211115;8.0;8.5;7.7
FAH;20211116;7.6;8.3;7.3
FAH;20211117;7.3;8.0;6.9
FAH;20211118;7.3;7.9;7.0
FAH;20211119;6.3;7.4;5.7
FAH;20211120;6.4;7.2;6.0
FAH;20211121;5.7;6.8;5.1
FAH;20211122;5.7;6.7;5.2
FAH;20211123;5.4;6.5;4.9
FAH;20211124;5.1;6.2;4.5
FAH;20211125;4.4;5.7;3.7
FAH;20211126;4.4;5.5;3.9
FAH;20211127;4.2;5.4;3.7
FAH;20211128;3.8;5.0;3.2
FAH;20211129;3.9;5.0;3.5
FAH;20211130;3.8;4.9;3.4
FAH;20211201;4.6;5.1;4.5
FAH;20211202;4.7;5.5;4.3
FAH;20211203;3.8;4.9;3.2
FAH;20211204;4.6;5.0;4.5
FAH;20211205;4.2;5.0;3.7
FAH;20211206;3.9;4.8;3.6
FAH;20211207;3.9;4.6;3.5
FAH;20211208;4.3;4.9;4.1
FAH;20211209;4.0;4.8;3.7
FAH;20211210;3.1;4.3;2.4
FAH;20211211;2.9;3.9;2.5
FAH;20211212;2.7;3.7;2.2
FAH;20211213;2.6;3.6;2.2
FAH;20211214;2.7;3.5;2.3
FAH;20211215;2.9;3.6;2.6
FAH;20211216;3.4;3.9;3.2
FAH;20211217;3.4;4.1;3.2
FAH;20211218;3.4;4.1;3.1
FAH;20211219;3.1;4.0;2.8
FAH;20211220;2.7;3.6;2.2
FAH;20211221;2.1;3.3;1.5
FAH;20211222;1.9;2.9;1.3
FAH;20211223;1.5;2.7;0.9
FAH;20211224;2.6;3.0;2.7
FAH;20211225;4.5;4.3;4.8
FAH;20211226;5.3;5.2;5.5
FAH;20211227;5.2;5.4;5.1
FAH;20211228;5.7;5.6;5.9
FAH;20211229;6.3;6.1;6.6
FAH;20211230;7.8;7.1;8.3
FAH;20211231;6.6;6.9;6.4
FAH;20220101;5.7;6.2;5.4
FAH;20220102;5.2;5.8;5.0
FAH;20220103;6.4;6.3;6.6
FAH;20220104;7.1;6.9;7.3
FAH;20220105;5.5;6.3;5.0
FAH;20220106;4.3;5.3;3.8
FAH;20220107;3.5;4.6;2.9
FAH;20220108;3.4;4.3;3.0
FAH;20220109;3.4;4.2;3.1
FAH;20220110;3.2;4.0;2.9
FAH;20220111;2.8;3.8;2.3
FAH;20220112;2.2;3.3;1.6
FAH;20220113;1.7;2.9;1.1
FAH;20220114;1.4;2.5;0.8
FAH;20220115;1.3;2.4;0.9
FAH;20220116;1.2;2.3;0.8
FAH;20220117;1.2;2.2;0.8
FAH;20220118;1.3;2.2;1.0
FAH;20220119;1.4;2.2;1.0
FAH;20220120;1.4;2.2;1.1
FAH;20220121;1.5;2.3;1.1
FAH;20220122;1.4;2.2;1.1
FAH;20220123;1.4;2.2;1.2
FAH;20220124;1.5;2.2;1.2
FAH;20220125;1.4;2.2;1.1
FAH;20220126;1.3;2.1;0.9
FAH;20220127;1.1;2.0;0.8
FAH;20220128;1.2;1.9;0.9
FAH;20220129;1.5;2.0;1.3
FAH;20220130;2.7;2.8;3.0
FAH;20220131;3.0;3.3;3.0
FAH;20220201;2.6;3.2;2.4
FAH;20220202;3.6;3.5;3.9
FAH;20220203;4.6;4.4;4.9
FAH;20220204;4.6;4.6;4.6
FAH;20220205;4.1;4.5;3.9
FAH;20220206;3.3;3.9;3.0
FAH;20220207;3.7;4.0;3.6
FAH;20220208;3.1;3.7;2.8
FAH;20220209;3.1;3.5;2.9
FAH;20220210;3.3;3.6;3.2
FAH;20220211;4.4;4.3;4.5
FAH;20220212;3.2;3.9;2.8
FAH;20220213;3.1;3.5;3.0
FAH;20220214;3.6;3.8;3.5
FAH;20220215;4.0;4.2;4.0
FAH;20220216;4.4;4.4;4.6
FAH;20220217;6.3;5.6;6.9
FAH;20220218;6.5;6.1;6.9
FAH;20220219;6.0;6.1;5.8
FAH;20220220;5.1;5.4;5.0
FAH;20220221;5.4;5.6;5.4
FAH;20220222;5.4;5.5;5.5
FAH;20220223;6.5;6.1;6.9
FAH;20220224;5.8;6.1;5.6
FAH;20220225;5.3;5.7;5.1
FAH;20220226;4.7;5.2;4.4
FAH;20220227;3.8;4.6;3.4
FAH;20220228;3.7;4.2;3.4
FAH;20220301;3.9;4.3;3.8
FAH;20220302;4.2;4.4;4.2
FAH;20220303;5.0;4.9;5.2
FAH;20220304;4.8;5.1;4.7
FAH;20220305;4.0;4.6;3.7
FAH;20220306;3.4;4.1;3.0
FAH;20220307;3.0;3.8;2.7
FAH;20220308;3.0;3.6;2.9
FAH;20220309;3.6;3.8;3.7
FAH;20220310;4.3;4.3;4.4
FAH;20220311;4.7;4.7;4.9
FAH;20220312;6.1;5.6;6.6
FAH;20220313;6.4;6.1;6.8
FAH;20220314;7.1;6.6;7.5
FAH;20220315;7.1;6.8;7.3
FAH;20220316;7.2;6.9;7.5
FAH;20220317;7.8;7.3;8.2
FAH;20220318;7.4;7.4;7.4
FAH;20220319;7.0;7.0;7.1
FAH;20220320;7.4;7.1;7.8
FAH;20220321;7.8;7.5;8.1
FAH;20220322;7.7;7.5;7.9
FAH;20220323;7.7;7.5;7.9
FAH;20220324;7.9;7.7;8.2
FAH;20220325;8.2;7.9;8.5
FAH;20220326;8.5;8.1;8.8
FAH;20220327;8.8;8.3;9.2
FAH;20220328;8.9;8.5;9.2
FAH;20220329;8.9;8.6;9.1
FAH;20220330;9.3;8.8;9.6
FAH;20220331;8.9;8.8;8.9
FAH;20220401;7.0;7.8;6.3
FAH;20220402;5.7;6.6;5.0
FAH;20220403;5.0;5.9;4.5
FAH;20220404;4.6;5.5;4.1
FAH;20220405;5.1;5.4;5.2
FAH;20220406;7.2;6.6;7.7
FAH;20220407;7.7;7.4;7.8
FAH;20220408;8.0;7.7;8.2
FAH;20220409;7.5;7.6;7.3
FAH;20220410;7.9;7.5;8.0
FAH;20220411;8.4;8.0;8.7
FAH;20220412;9.9;8.8;10.6
FAH;20220413;11.5;10.1;12.1
FAH;20220414;12.0;10.8;12.7
FAH;20220415;12.7;11.4;13.3
FAH;20220416;12.3;11.5;12.5
FAH;20220417;11.2;10.9;11.1
FAH;20220418;11.0;10.7;11.2
FAH;20220419;11.3;10.8;11.6
FAH;20220420;11.5;11.0;11.7
FAH;20220421;11.4;11.0;11.6
FAH;20220422;11.6;11.1;11.9
FAH;20220423;11.5;11.2;11.7
FAH;20220424;10.9;10.9;10.8
FAH;20220425;10.7;10.5;10.7
FAH;20220426;11.0;10.6;11.1
FAH;20220427;11.0;10.7;11.2
FAH;20220428;11.9;11.2;12.3
FAH;20220429;12.3;11.7;12.6
FAH;20220430;12.8;12.0;13.1
FAH;20220501;12.9;12.2;13.1
FAH;20220502;13.1;12.3;13.4
FAH;20220503;13.7;12.8;14.2
FAH;20220504;14.1;13.2;14.5
FAH;20220505;13.5;13.1;13.6
FAH;20220506;13.1;12.7;13.2
FAH;20220507;13.4;12.7;13.7
FAH;20220508;13.8;13.2;14.1
FAH;20220509;14.4;13.5;14.9
FAH;20220510;15.1;14.1;15.6
FAH;20220511;15.8;14.6;16.4
FAH;20220512;16.0;15.0;16.5
FAH;20220513;15.8;15.1;16.1
FAH;20220514;15.8;14.9;16.3
FAH;20220515;16.6;15.5;17.4
FAH;20220516;17.2;16.1;17.7
FAH;20220517;17.2;16.2;17.8
FAH;20220518;17.8;16.6;18.5
FAH;20220519;18.3;17.1;19.0
FAH;20220520;18.7;17.5;19.4
FAH;20220521;19.2;17.9;19.9
FAH;20220522;18.7;17.9;19.1
FAH;20220523;18.4;17.7;18.8
FAH;20220524;18.0;17.4;18.3
FAH;20220525;17.6;17.1;17.9
FAH;20220526;17.4;17.0;17.6
FAH;20220527;16.9;16.6;17.1
FAH;20220528;16.8;16.5;16.9
FAH;20220529;16.5;16.3;16.6
FAH;20220530;16.5;16.1;16.7
FAH;20220531;16.7;16.3;17.0
FAH;20220601;16.1;16.0;16.2
FAH;20220602;16.3;15.9;16.7
FAH;20220603;17.5;16.6;18.3
FAH;20220604;19.2;17.8;20.2
FAH;20220605;19.4;18.5;19.9
FAH;20220606;18.9;18.1;19.4
FAH;20220607;18.9;18.2;19.2
FAH;20220608;17.6;17.5;17.7
FAH;20220609;17.5;17.1;17.6
FAH;20220610;17.7;17.1;18.0
FAH;20220611;18.8;17.8;19.2
FAH;20220612;19.6;18.5;20.1
FAH;20220613;20.4;19.2;20.9
FAH;20220614;19.9;19.0;20.3
FAH;20220615;20.6;19.4;21.5
FAH;20220616;21.6;20.2;22.5
FAH;20220617;21.4;20.3;22.1
FAH;20220618;21.9;20.6;22.8
FAH;20220619;22.8;21.3;23.9
FAH;20220620;23.0;21.7;23.9
FAH;20220621;22.6;21.5;23.3
FAH;20220622;21.5;21.1;21.5
FAH;20220623;21.4;20.4;21.9
FAH;20220624;20.4;20.2;20.2
FAH;20220625;20.5;19.7;21.0
FAH;20220626;20.8;20.1;21.0
FAH;20220627;18.5;18.7;18.2
FAH;20220628;18.7;18.4;18.7
FAH;20220629;20.2;19.0;20.9
FAH;20220630;20.8;20.0;20.9
FAH;20220701;19.9;19.4;20.1
FAH;20220702;20.4;19.5;20.8
FAH;20220703;21.4;20.2;22.0
FAH;20220704;21.9;20.8;22.3
FAH;20220705;21.8;20.9;22.3
FAH;20220706;21.5;20.8;21.7
FAH;20220707;20.5;20.2;20.3
FAH;20220708;20.2;19.8;20.4
FAH;20220709;20.5;19.9;20.8
FAH;20220710;20.8;20.2;21.1
FAH;20220711;20.6;20.0;20.8
FAH;20220712;21.0;20.2;21.4
FAH;20220713;21.5;20.6;22.1
FAH;20220714;22.3;21.2;23.0
FAH;20220715;22.1;21.3;22.5
FAH;20220716;21.5;20.9;21.9
FAH;20220717;21.4;20.8;21.9
FAH;20220718;21.9;21.0;22.5
FAH;20220719;22.7;21.6;23.5
FAH;20220720;22.7;21.9;23.1
FAH;20220721;22.4;21.7;23.0
FAH;20220722;22.6;21.7;23.3
FAH;20220723;22.9;22.1;23.5
FAH;20220724;22.9;22.0;23.7
FAH;20220725;23.0;22.2;23.5
FAH;20220726;22.6;22.0;22.9
FAH;20220727;21.7;21.3;22.1
FAH;20220728;21.8;21.2;22.4
FAH;20220729;21.2;21.0;21.2
FAH;20220730;20.6;20.3;21.0
FAH;20220731;21.5;20.8;22.1
FAH;20220801;21.9;21.1;22.4
FAH;20220802;22.4;21.5;23.2
FAH;20220803;23.1;22.0;24.0
FAH;20220804;23.7;22.5;24.5
FAH;20220805;23.8;22.7;24.6
FAH;20220806;22.7;22.2;22.9
FAH;20220807;21.7;21.2;22.2
FAH;20220808;22.0;21.3;22.5
FAH;20220809;22.1;21.3;22.7
FAH;20220810;22.3;21.5;22.9
FAH;20220811;22.3;21.5;23.0
FAH;20220812;22.4;21.6;23.0
FAH;20220813;22.0;21.4;22.5
FAH;20220814;21.1;20.9;21.2
FAH;20220815;20.5;20.4;20.6
FAH;20220816;20.8;20.3;21.4
FAH;20220817;20.9;20.7;21.1
FAH;20220818;20.3;20.2;20.3
FAH;20220819;19.9;19.9;20.1
FAH;20220820;20.7;20.2;21.0
FAH;20220821;20.5;20.1;20.7
FAH;20220822;20.9;20.3;21.3
FAH;20220823;21.0;20.5;21.3
FAH;20220824;20.6;20.3;20.9
FAH;20220825;21.0;20.3;21.5
FAH;20220826;20.8;20.5;21.0
FAH;20220827;20.6;20.3;20.9
FAH;20220828;20.7;20.3;21.2
FAH;20220829;21.0;20.4;21.5
FAH;20220830;20.7;20.4;20.9
FAH;20220831;20.3;20.1;20.6
FAH;20220901;19.7;19.6;19.8
FAH;20220902;19.0;19.2;19.0
FAH;20220903;18.9;18.8;19.1
FAH;20220904;19.5;19.1;19.9
FAH;20220905;19.8;19.4;20.2
FAH;20220906;19.7;19.6;19.6
FAH;20220907;19.5;19.3;19.7
FAH;20220908;19.2;19.2;19.1
FAH;20220909;18.2;18.5;18.0
FAH;20220910;17.4;17.8;17.1
FAH;20220911;17.8;17.8;17.9
FAH;20220912;18.0;18.0;18.1
FAH;20220913;18.7;18.4;19.0
FAH;20220914;19.4;19.0;19.5
FAH;20220915;18.2;18.4;17.9
FAH;20220916;17.0;17.6;16.5
FAH;20220917;15.3;16.3;14.6
FAH;20220918;14.5;15.4;13.9
FAH;20220919;14.9;15.4;14.6
FAH;20220920;14.2;15.0;13.8
FAH;20220921;14.0;14.7;13.6
FAH;20220922;13.8;14.4;13.5
FAH;20220923;14.0;14.5;13.8
FAH;20220924;14.9;15.0;14.7
FAH;20220925;14.4;14.8;14.1
FAH;20220926;14.4;14.7;14.1
FAH;20220927;13.1;14.0;12.5
FAH;20220928;12.3;13.1;11.9
FAH;20220929;12.5;13.0;12.2
FAH;20220930;12.7;13.1;12.5
FAH;20221001;12.0;12.8;11.6
FAH;20221002;13.4;13.3;13.6
FAH;20221003;13.9;13.9;13.8
FAH;20221004;13.9;13.9;14.0
FAH;20221005;13.9;14.0;13.8
FAH;20221006;14.0;14.1;13.9
FAH;20221007;14.2;14.2;14.3
FAH;20221008;14.3;14.5;14.2
FAH;20221009;13.5;13.9;13.4
FAH;20221010;14.4;14.2;14.6
FAH;20221011;14.6;14.6;14.6
FAH;20221012;14.5;14.6;14.5
FAH;20221013;13.6;14.1;13.3
FAH;20221014;13.7;14.0;13.6
FAH;20221015;14.4;14.3;14.5
FAH;20221016;14.9;14.6;15.1
FAH;20221017;14.9;14.8;15.0
FAH;20221018;15.1;14.9;15.1
FAH;20221019;15.0;15.0;15.0
FAH;20221020;14.9;14.9;15.0
FAH;20221021;14.9;14.9;14.8
FAH;20221022;14.8;14.8;14.8
FAH;20221023;14.7;14.7;14.7
FAH;20221024;14.8;14.8;14.7
FAH;20221025;14.2;14.4;14.1
FAH;20221026;14.5;14.5;14.5
FAH;20221027;14.3;14.4;14.4
FAH;20221028;14.8;14.7;15.0
FAH;20221029;14.8;14.8;14.9
FAH;20221030;14.7;14.7;14.6
FAH;20221031;14.3;14.4;14.2
FAH;20221101;14.1;14.3;13.9
FAH;20221102;13.1;13.7;12.8
FAH;20221103;12.1;12.9;11.6
FAH;20221104;11.7;12.4;11.3
FAH;20221105;11.3;12.0;10.9
FAH;20221106;10.2;11.2;9.6
FAH;20221107;10.7;11.2;10.4
FAH;20221108;10.3;11.0;10.0
FAH;20221109;11.3;11.5;11.2
FAH;20221110;11.3;11.6;11.1
FAH;20221111;10.4;11.1;10.0
FAH;20221112;9.9;10.6;9.5
FAH;20221113;9.7;10.5;9.3
FAH;20221114;9.4;10.1;9.1
FAH;20221115;10.1;10.4;10.1
FAH;20221116;10.4;10.8;10.2
FAH;20221117;10.2;10.7;10.0
FAH;20221118;9.7;10.4;9.4
FAH;20221119;9.3;10.0;9.0
FAH;20221120;9.0;9.8;8.6
FAH;20221121;8.6;9.4;8.2
FAH;20221122;8.4;9.2;7.9
FAH;20221123;7.7;8.7;7.3
FAH;20221124;8.1;8.7;7.9
FAH;20221125;7.9;8.7;7.6
FAH;20221126;7.8;8.5;7.5
FAH;20221127;7.7;8.4;7.3
FAH;20221128;7.7;8.4;7.5
FAH;20221129;8.0;8.5;7.9
FAH;20221130;8.0;8.6;7.8
FAH;20221201;7.3;8.2;6.8
FAH;20221202;6.7;7.6;6.2
FAH;20221203;6.1;7.2;5.5
FAH;20221204;5.6;6.7;5.0
FAH;20221205;5.7;6.6;5.3
FAH;20221206;5.2;6.3;4.6
FAH;20221207;5.4;6.3;4.9
FAH;20221208;4.3;5.6;3.6
FAH;20221209;3.8;5.1;3.1
FAH;20221210;3.8;4.8;3.3
FAH;20221211;4.0;5.0;3.6
FAH;20221212;3.5;4.7;2.8
FAH;20221213;2.9;4.2;2.2
FAH;20221214;2.9;4.0;2.3
FAH;20221215;2.9;3.8;2.5
FAH;20221216;2.8;3.8;2.3
FAH;20221217;2.3;3.5;1.7
FAH;20221218;2.0;3.2;1.5
FAH;20221219;2.2;3.1;1.8
FAH;20221220;2.9;3.5;2.8
FAH;20221221;4.9;4.8;5.3
FAH;20221222;6.1;5.9;6.4
FAH;20221223;7.5;7.0;8.0
FAH;20221224;8.0;7.7;8.1
FAH;20221225;7.7;7.7;7.7
FAH;20221226;7.7;7.7;7.7
FAH;20221227;7.3;7.5;7.0
FAH;20221228;6.1;6.8;5.9
FAH;20221229;6.8;6.9;6.8
FAH;20221230;6.7;7.0;6.6
FAH;20221231;8.1;7.7;8.4
FAH;20230101;8.4;8.2;8.5
FAH;20230102;7.7;7.9;7.6
FAH;20230103;7.5;7.8;7.3
FAH;20230104;6.6;7.2;6.3
FAH;20230105;7.5;7.5;7.6
FAH;20230106;7.6;7.7;7.5
FAH;20230107;7.4;7.7;7.2
FAH;20230108;6.9;7.3;6.7
FAH;20230109;6.5;7.1;6.2
FAH;20230110;5.7;6.4;5.3
FAH;20230111;6.3;6.5;6.3
FAH;20230112;6.3;6.7;6.2
FAH;20230113;6.6;6.9;6.5
FAH;20230114;6.3;6.7;6.2
FAH;20230115;6.5;6.9;6.3
FAH;20230116;5.0;6.0;4.5
FAH;20230117;4.5;5.4;4.0
FAH;20230118;4.3;5.1;4.0
FAH;20230119;4.2;5.0;3.9
FAH;20230120;4.0;4.8;3.6
FAH;20230121;3.0;4.3;2.2
FAH;20230122;2.5;3.8;1.9
FAH;20230123;2.8;3.8;2.3
FAH;20230124;3.0;3.8;2.6
FAH;20230125;3.2;4.0;2.9
FAH;20230126;3.3;4.0;3.0
FAH;20230127;3.2;3.9;2.8
FAH;20230128;3.0;3.8;2.6
FAH;20230129;3.1;3.8;2.7
FAH;20230130;2.6;3.6;2.2
FAH;20230131;2.7;3.4;2.4
FAH;20230201;2.8;3.5;2.6
FAH;20230202;3.1;3.6;3.0
FAH;20230203;3.6;3.9;3.6
FAH;20230204;4.3;4.5;4.3
FAH;20230205;3.8;4.4;3.5
FAH;20230206;3.7;4.2;3.5
FAH;20230207;2.7;3.7;2.2
FAH;20230208;2.0;3.0;1.4
FAH;20230209;1.6;2.6;1.1
FAH;20230210;1.4;2.4;0.9
FAH;20230211;1.4;2.3;0.9
FAH;20230212;1.6;2.3;1.2
FAH;20230213;2.3;2.7;2.2
FAH;20230214;2.7;3.1;2.6
FAH;20230215;3.1;3.5;3.0
FAH;20230216;3.4;3.7;3.4
FAH;20230217;4.8;4.5;5.2
FAH;20230218;6.2;5.7;6.7
FAH;20230219;6.6;6.2;6.8
FAH;20230220;6.2;6.2;6.3
FAH;20230221;5.6;5.8;5.4
FAH;20230222;5.4;5.6;5.4
FAH;20230223;6.5;6.2;6.8
FAH;20230224;7.0;6.8;7.3
FAH;20230225;6.8;6.9;6.6
FAH;20230226;4.6;5.6;3.9
FAH;20230227;3.1;4.2;2.4
FAH;20230228;2.4;3.5;1.9
FAH;20230301;2.1;3.1;1.6
FAH;20230302;2.6;3.2;2.5
FAH;20230303;3.0;3.5;2.9
FAH;20230304;3.7;4.0;3.7
FAH;20230305;3.7;4.1;3.5
FAH;20230306;3.2;3.9;2.9
FAH;20230307;3.4;3.9;3.3
FAH;20230308;3.9;4.1;4.0
FAH;20230309;6.0;5.5;6.5
FAH;20230310;6.3;6.1;6.4
FAH;20230311;5.0;5.5;4.6
FAH;20230312;5.4;5.4;5.6
FAH;20230313;7.3;6.6;7.9
FAH;20230314;7.8;7.5;7.8
FAH;20230315;6.4;6.7;6.2
FAH;20230316;6.0;6.3;6.0
FAH;20230317;6.6;6.5;6.7
FAH;20230318;7.4;7.1;7.6
FAH;20230319;7.8;7.6;8.0
FAH;20230320;7.9;7.7;8.1
FAH;20230321;7.7;7.7;7.9
FAH;20230322;8.4;8.1;8.7
FAH;20230323;9.0;8.6;9.3
FAH;20230324;9.1;8.8;9.2
FAH;20230325;8.1;8.2;8.0
FAH;20230326;7.9;8.1;7.8
FAH;20230327;7.1;7.6;6.9
FAH;20230328;6.8;7.1;6.8
FAH;20230329;8.3;7.9;8.6
FAH;20230330;9.4;8.9;9.7
FAH;20230331;9.4;9.1;9.4
FAH;20230401;8.6;8.7;8.5
FAH;20230402;8.5;8.5;8.6
FAH;20230403;8.0;8.3;7.7
FAH;20230404;6.8;7.4;6.5
FAH;20230405;6.7;7.1;6.5
FAH;20230406;6.8;7.1;6.7
FAH;20230407;6.7;7.2;6.2
FAH;20230408;6.1;6.4;6.0
FAH;20230409;7.4;7.1;7.6
FAH;20230410;8.0;7.8;8.3
FAH;20230411;9.0;8.6;9.2
FAH;20230412;8.8;8.8;8.8
FAH;20230413;7.9;8.2;7.7
FAH;20230414;8.0;8.0;8.0
FAH;20230415;8.7;8.6;8.8
FAH;20230416;8.3;8.5;8.2
FAH;20230417;8.5;8.4;8.6
FAH;20230418;8.9;8.7;9.0
FAH;20230419;9.4;9.1;9.7
FAH;20230420;9.5;9.4;9.5
FAH;20230421;8.7;8.9;8.6
FAH;20230422;9.5;9.2;9.8
FAH;20230423;10.5;10.0;10.9
FAH;20230424;10.2;10.2;10.3
FAH;20230425;9.7;9.8;9.7
FAH;20230426;9.7;9.6;9.8
FAH;20230427;11.0;10.4;11.4
FAH;20230428;12.0;11.3;12.5
FAH;20230429;13.0;12.1;13.6
FAH;20230430;12.8;12.3;13.1
FAH;20230501;12.6;12.2;12.7
FAH;20230502;12.5;12.1;12.7
FAH;20230503;12.7;12.2;13.1
FAH;20230504;13.6;12.7;14.2
FAH;20230505;14.6;13.6;15.3
FAH;20230506;15.2;14.1;16.1
FAH;20230507;15.2;14.4;15.6
FAH;20230508;15.3;14.5;15.8
FAH;20230509;15.2;14.6;15.5
FAH;20230510;14.9;14.4;15.2
FAH;20230511;14.4;14.1;14.5
FAH;20230512;14.7;14.1;15.2
FAH;20230513;14.8;14.4;15.0
FAH;20230514;14.5;14.1;14.7
FAH;20230515;14.5;14.2;14.7
FAH;20230516;13.8;13.9;13.5
FAH;20230517;13.0;13.1;12.9
FAH;20230518;13.1;13.0;13.2
FAH;20230519;13.7;13.3;14.0
FAH;20230520;13.9;13.5;14.1
FAH;20230521;15.1;14.1;16.0
FAH;20230522;17.0;15.6;17.9
FAH;20230523;16.8;16.0;17.3
FAH;20230524;16.0;15.6;16.1
FAH;20230525;15.5;15.1;15.9
FAH;20230526;16.6;15.7;17.3
FAH;20230527;17.3;16.3;18.0
FAH;20230528;17.7;16.7;18.3
FAH;20230529;17.5;16.7;18.0
FAH;20230530;17.7;16.9;18.3
FAH;20230531;17.6;16.9;18.1
FAH;20230601;18.1;17.0;18.9
FAH;20230602;18.7;17.6;19.5
FAH;20230603;18.7;17.7;19.5
FAH;20230604;19.1;18.0;20.0
FAH;20230605;19.1;18.1;19.8
FAH;20230606;19.2;18.2;20.0
FAH;20230607;19.5;18.4;20.3
FAH;20230608;19.6;18.6;20.4
FAH;20230609;19.9;18.8;20.8
FAH;20230610;20.9;19.4;22.0
FAH;20230611;21.5;20.0;22.6
FAH;20230612;21.3;20.1;22.1
FAH;20230613;20.8;19.8;21.5
FAH;20230614;20.1;19.3;20.8
FAH;20230615;20.5;19.4;21.5
FAH;20230616;20.8;19.7;21.6
FAH;20230617;20.8;19.8;21.7
FAH;20230618;20.8;19.9;21.6
FAH;20230619;21.5;20.3;22.5
FAH;20230620;22.2;20.9;23.1
FAH;20230621;21.8;20.8;22.4
FAH;20230622;21.1;20.5;21.4
FAH;20230623;21.1;20.2;21.7
FAH;20230624;21.0;20.2;21.6
FAH;20230625;21.6;20.5;22.5
FAH;20230626;21.9;20.9;22.7
FAH;20230627;21.2;20.5;21.7
FAH;20230628;20.8;20.1;21.5
FAH;20230629;21.4;20.4;22.3
FAH;20230630;20.7;20.3;20.7
FAH;20230701;19.3;19.2;19.4
FAH;20230702;19.3;19.0;19.6
FAH;20230703;19.6;19.1;20.0
FAH;20230704;20.3;19.5;21.0
FAH;20230705;20.3;19.7;20.5
FAH;20230706;20.0;19.4;20.5
FAH;20230707;20.9;19.9;21.9
FAH;20230708;21.3;20.3;21.9
FAH;20230709;22.4;21.0;23.6
FAH;20230710;23.5;22.0;24.6
FAH;20230711;23.9;22.5;24.9
FAH;20230712;22.4;22.0;22.5
FAH;20230713;21.7;21.1;22.1
FAH;20230714;21.6;20.9;22.2
FAH;20230715;22.5;21.5;23.4
FAH;20230716;21.8;21.3;22.0
FAH;20230717;21.5;20.9;21.9
FAH;20230718;21.3;20.7;21.9
FAH;20230719;22.4;21.4;23.3
FAH;20230720;22.2;21.4;22.9
FAH;20230721;20.6;20.6;20.4
FAH;20230722;20.0;19.7;20.3
FAH;20230723;20.4;19.9;20.9
FAH;20230724;20.0;19.9;20.0
FAH;20230725;18.9;19.2;18.7
FAH;20230726;18.1;18.3;18.1
FAH;20230727;18.7;18.5;19.1
FAH;20230728;19.4;19.1;19.6
FAH;20230729;19.5;19.2;19.7
FAH;20230730;19.7;19.3;20.1
FAH;20230731;19.4;19.1;19.7
FAH;20230801;18.8;18.9;18.5
FAH;20230802;18.4;18.4;18.6
FAH;20230803;18.4;18.4;18.5
FAH;20230804;18.2;18.3;18.3
FAH;20230805;18.4;18.2;18.7
FAH;20230806;17.4;17.8;16.9
FAH;20230807;17.0;17.1;16.9
FAH;20230808;17.4;17.3;17.7
FAH;20230809;18.1;17.8;18.4
FAH;20230810;19.2;18.4;20.0
FAH;20230811;20.6;19.4;21.6
FAH;20230812;21.2;20.2;22.0
FAH;20230813;21.7;20.5;22.6
FAH;20230814;22.1;21.1;22.9
FAH;20230815;22.0;21.2;22.7
FAH;20230816;22.3;21.2;23.2
FAH;20230817;22.1;21.4;22.7
FAH;20230818;22.4;21.4;23.2
FAH;20230819;22.8;21.7;23.7
FAH;20230820;23.6;22.3;24.8
FAH;20230821;24.1;22.7;25.2
FAH;20230822;24.4;23.0;25.4
FAH;20230823;24.3;23.1;25.2
FAH;20230824;24.1;23.0;24.9
FAH;20230825;21.9;22.1;21.6
FAH;20230826;20.2;20.7;19.8
FAH;20230827;18.8;19.5;18.5
FAH;20230828;17.4;18.4;16.9
FAH;20230829;16.7;17.5;16.4
FAH;20230830;17.1;17.5;17.1
FAH;20230831;17.5;17.7;17.6
FAH;20230901;18.5;18.2;18.9
FAH;20230902;19.2;18.8;19.8
FAH;20230903;20.0;19.4;20.5
FAH;20230904;20.2;19.7;20.7
FAH;20230905;20.4;19.8;20.9
FAH;20230906;20.2;19.7;20.6
FAH;20230907;20.6;19.9;21.3
FAH;20230908;21.1;20.3;21.7
FAH;20230909;21.0;20.4;21.6
FAH;20230910;21.1;20.4;21.8
FAH;20230911;21.2;20.5;21.8
FAH;20230912;21.3;20.6;21.9
FAH;20230913;20.0;20.1;19.8
FAH;20230914;19.1;19.2;19.1
FAH;20230915;18.7;18.8;18.8
FAH;20230916;18.4;18.5;18.3
FAH;20230917;19.1;18.7;19.6
FAH;20230918;18.8;18.9;18.7
FAH;20230919;18.2;18.4;18.1
FAH;20230920;17.4;17.7;17.5
FAH;20230921;18.0;18.1;18.1
FAH;20230922;16.8;17.4;16.4
FAH;20230923;15.5;16.4;15.0
FAH;20230924;14.6;15.5;14.1
FAH;20230925;14.6;15.2;14.3
FAH;20230926;14.6;15.2;14.6
FAH;20230927;15.2;15.4;15.4
FAH;20230928;16.3;16.1;16.7
FAH;20230929;16.6;16.5;17.0
FAH;20230930;16.7;16.7;16.8
FAH;20231001;15.8;16.1;15.8
FAH;20231002;16.0;16.0;16.2
FAH;20231003;16.2;16.2;16.3
FAH;20231004;15.1;15.6;14.6
FAH;20231005;14.1;14.8;13.8
FAH;20231006;14.0;14.5;13.7
FAH;20231007;13.4;14.0;13.2
FAH;20231008;14.3;14.4;14.6
FAH;20231009;14.9;14.9;15.1
FAH;20231010;15.1;15.2;15.1
FAH;20231011;14.7;14.9;14.8
FAH;20231012;14.9;15.0;15.0
FAH;20231013;15.2;15.2;15.6
FAH;20231014;15.2;15.5;14.9
FAH;20231015;13.0;14.1;12.1
FAH;20231016;10.8;12.4;9.8
FAH;20231017;10.5;11.7;9.9
FAH;20231018;11.2;11.9;10.9
FAH;20231019;12.8;12.9;13.0
FAH;20231020;13.4;13.6;13.4
FAH;20231021;13.0;13.5;12.7
FAH;20231022;11.8;12.6;11.3
FAH;20231023;10.9;11.9;10.4
FAH;20231024;11.8;12.2;11.7
FAH;20231025;11.6;12.2;11.3
FAH;20231026;12.0;12.4;11.8
FAH;20231027;11.7;12.3;11.4
FAH;20231028;11.4;12.0;11.1
FAH;20231029;11.9;12.2;11.8
FAH;20231030;12.2;12.5;12.0
FAH;20231031;11.5;12.2;11.0
FAH;20231101;10.4;11.4;9.7
FAH;20231102;10.0;11.0;9.4
FAH;20231103;9.3;10.4;8.7
FAH;20231104;8.8;9.9;8.1
FAH;20231105;9.3;10.0;9.0
FAH;20231106;9.4;10.1;9.0
FAH;20231107;8.9;9.8;8.3
FAH;20231108;8.4;9.4;7.8
FAH;20231109;7.9;9.0;7.3
FAH;20231110;8.0;8.9;7.6
FAH;20231111;7.4;8.5;6.7
FAH;20231112;6.7;7.8;6.3
FAH;20231113;9.0;8.9;9.4
FAH;20231114;10.1;10.1;10.0
FAH;20231115;9.5;9.9;9.3
FAH;20231116;8.3;9.2;7.9
FAH;20231117;8.3;9.1;7.9
FAH;20231118;7.6;8.4;7.2
FAH;20231119;9.1;9.2;9.4
FAH;20231120;9.2;9.6;9.0
FAH;20231121;8.7;9.2;8.4
FAH;20231122;7.8;8.8;7.1
FAH;20231123;6.6;7.8;6.0
FAH;20231124;7.0;7.8;6.5
FAH;20231125;5.6;7.0;4.7
FAH;20231126;4.9;6.3;4.0
FAH;20231127;4.5;5.8;3.8
FAH;20231128;4.7;5.7;4.2
FAH;20231129;3.9;5.3;3.1
FAH;20231130;3.5;4.8;2.9
FAH;20231201;3.9;4.9;3.5
FAH;20231202;3.7;4.8;3.2
FAH;20231203;3.4;4.5;2.8
FAH;20231204;3.1;4.2;2.6
FAH;20231205;3.9;4.5;3.7
FAH;20231206;4.1;4.9;3.8
FAH;20231207;3.4;4.6;2.7
FAH;20231208;4.1;4.6;4.1
FAH;20231209;5.2;5.5;5.3
FAH;20231210;6.0;6.1;6.0
FAH;20231211;7.2;7.0;7.5
FAH;20231212;7.8;7.6;8.1
FAH;20231213;7.5;7.7;7.3
FAH;20231214;6.7;7.2;6.4
FAH;20231215;5.9;6.7;5.4
FAH;20231216;4.5;5.8;3.7
FAH;20231217;3.7;5.0;3.0
FAH;20231218;3.2;4.5;2.5
FAH;20231219;2.8;4.1;2.0
FAH;20231220;3.8;4.4;3.7
FAH;20231221;4.6;5.0;4.6
FAH;20231222;5.7;5.8;5.8
FAH;20231223;5.7;6.1;5.6
FAH;20231224;5.9;6.1;5.9
FAH;20231225;6.0;6.4;5.9
FAH;20231226;5.5;6.1;5.1
FAH;20231227;4.3;5.4;3.7
FAH;20231228;4.7;5.2;4.6
FAH;20231229;6.1;6.1;6.3
FAH;20231230;6.3;6.6;6.1
FAH;20231231;5.2;6.0;4.7
FAH;20240101;4.8;5.5;4.4

