 

stn;time;tso010d0;tso020d0;tso005d0
BAS;20170101;1.3;2.1;0.9
BAS;20170102;1.1;1.9;0.7
BAS;20170103;1.2;1.8;0.9
BAS;20170104;1.2;1.8;0.9
BAS;20170105;1.3;1.9;1.0
BAS;20170106;1.0;1.7;0.6
BAS;20170107;0.7;1.5;0.3
BAS;20170108;0.7;1.4;0.3
BAS;20170109;0.7;1.3;0.4
BAS;20170110;0.7;1.3;0.4
BAS;20170111;0.8;1.3;0.5
BAS;20170112;1.3;1.6;1.3
BAS;20170113;2.1;2.2;2.0
BAS;20170114;1.8;2.2;1.6
BAS;20170115;1.5;2.0;1.3
BAS;20170116;1.4;1.9;1.1
BAS;20170117;1.2;1.8;0.9
BAS;20170118;1.0;1.6;0.6
BAS;20170119;0.8;1.4;0.5
BAS;20170120;0.7;1.3;0.4
BAS;20170121;0.6;1.2;0.3
BAS;20170122;0.5;1.1;0.2
BAS;20170123;0.4;1.0;0.1
BAS;20170124;0.3;0.9;0.0
BAS;20170125;0.2;0.9;-0.1
BAS;20170126;0.2;0.8;-0.2
BAS;20170127;0.1;0.7;-0.2
BAS;20170128;0.1;0.6;-0.1
BAS;20170129;0.1;0.6;-0.1
BAS;20170130;0.1;0.6;-0.1
BAS;20170131;0.2;0.6;0.0
BAS;20170201;0.2;0.6;0.0
BAS;20170202;0.5;0.8;0.6
BAS;20170203;2.2;1.8;2.7
BAS;20170204;2.8;2.6;2.9
BAS;20170205;2.6;2.7;2.6
BAS;20170206;3.1;3.0;3.2
BAS;20170207;3.5;3.4;3.6
BAS;20170208;3.7;3.7;3.8
BAS;20170209;3.6;3.8;3.6
BAS;20170210;3.2;3.6;3.1
BAS;20170211;3.5;3.5;3.5
BAS;20170212;4.0;4.0;4.1
BAS;20170213;3.6;3.9;3.5
BAS;20170214;3.6;3.7;3.6
BAS;20170215;3.8;3.9;3.9
BAS;20170216;4.5;4.3;4.7
BAS;20170217;5.5;5.1;5.7
BAS;20170218;5.3;5.3;5.3
BAS;20170219;4.9;5.1;4.8
BAS;20170220;5.4;5.3;5.5
BAS;20170221;6.2;5.9;6.6
BAS;20170222;6.9;6.6;7.1
BAS;20170223;7.0;6.7;7.2
BAS;20170224;7.0;7.0;6.9
BAS;20170225;6.5;6.6;6.4
BAS;20170226;6.2;6.4;6.0
BAS;20170227;6.2;6.2;6.4
BAS;20170228;6.3;6.5;6.1
BAS;20170301;5.9;6.1;5.8
BAS;20170302;6.9;6.6;7.1
BAS;20170303;6.7;6.8;6.7
BAS;20170304;6.8;6.8;6.9
BAS;20170305;6.9;7.0;6.9
BAS;20170306;6.4;6.7;6.3
BAS;20170307;6.4;6.6;6.3
BAS;20170308;6.3;6.5;6.1
BAS;20170309;7.2;7.0;7.4
BAS;20170310;8.1;7.6;8.5
BAS;20170311;7.8;7.8;7.9
BAS;20170312;8.0;7.9;8.1
BAS;20170313;8.2;8.1;8.3
BAS;20170314;8.4;8.2;8.5
BAS;20170315;8.8;8.5;9.0
BAS;20170316;9.4;9.0;9.7
BAS;20170317;9.9;9.5;10.2
BAS;20170318;9.7;9.7;9.7
BAS;20170319;10.0;9.6;10.2
BAS;20170320;10.6;10.2;10.9
BAS;20170321;10.8;10.5;10.9
BAS;20170322;10.2;10.3;10.1
BAS;20170323;10.6;10.3;10.9
BAS;20170324;11.0;10.7;11.1
BAS;20170325;11.3;10.9;11.7
BAS;20170326;11.5;11.2;11.6
BAS;20170327;11.6;11.3;11.8
BAS;20170328;12.0;11.6;12.3
BAS;20170329;12.5;12.0;12.9
BAS;20170330;12.8;12.4;13.2
BAS;20170331;13.2;12.7;13.5
BAS;20170401;13.1;12.9;13.3
BAS;20170402;12.9;12.8;13.0
BAS;20170403;13.4;13.0;13.7
BAS;20170404;13.4;13.2;13.5
BAS;20170405;13.3;13.1;13.5
BAS;20170406;13.4;13.2;13.6
BAS;20170407;13.0;12.9;13.1
BAS;20170408;13.4;13.1;13.7
BAS;20170409;14.0;13.5;14.4
BAS;20170410;14.6;14.1;15.1
BAS;20170411;14.9;14.4;15.1
BAS;20170412;14.3;14.2;14.5
BAS;20170413;14.7;14.3;14.9
BAS;20170414;14.5;14.3;14.6
BAS;20170415;13.7;13.9;13.4
BAS;20170416;13.0;13.3;12.8
BAS;20170417;12.4;12.8;12.2
BAS;20170418;12.1;12.4;11.9
BAS;20170419;11.5;12.0;11.0
BAS;20170420;10.9;11.3;10.6
BAS;20170421;11.3;11.4;11.4
BAS;20170422;11.7;11.8;11.7
BAS;20170423;12.6;12.3;12.8
BAS;20170424;12.9;12.6;13.2
BAS;20170425;13.2;13.2;13.1
BAS;20170426;10.6;11.7;10.0
BAS;20170427;9.9;10.7;9.5
BAS;20170428;10.0;10.3;10.0
BAS;20170429;11.1;10.9;11.3
BAS;20170430;12.3;11.9;12.6
BAS;20170501;12.5;12.5;12.4
BAS;20170502;12.3;12.2;12.4
BAS;20170503;13.3;12.9;13.6
BAS;20170504;13.8;13.5;13.9
BAS;20170505;14.5;13.9;14.9
BAS;20170506;14.5;14.4;14.5
BAS;20170507;13.8;13.9;13.6
BAS;20170508;13.0;13.3;12.9
BAS;20170509;13.3;13.2;13.5
BAS;20170510;14.1;13.6;14.5
BAS;20170511;15.4;14.8;15.8
BAS;20170512;15.7;15.2;16.0
BAS;20170513;16.4;15.8;16.9
BAS;20170514;17.1;16.4;17.5
BAS;20170515;17.9;17.1;18.4
BAS;20170516;18.5;17.7;19.0
BAS;20170517;19.3;18.4;20.0
BAS;20170518;19.6;19.0;19.9
BAS;20170519;18.0;18.3;17.5
BAS;20170520;16.3;16.7;16.1
BAS;20170521;16.8;16.6;17.1
BAS;20170522;18.1;17.4;18.6
BAS;20170523;19.2;18.4;19.7
BAS;20170524;20.1;19.2;20.7
BAS;20170525;20.5;19.7;21.0
BAS;20170526;20.7;20.0;21.1
BAS;20170527;21.4;20.5;22.0
BAS;20170528;22.5;21.4;23.2
BAS;20170529;23.1;22.0;23.8
BAS;20170530;23.2;22.3;23.6
BAS;20170531;23.2;22.3;23.7
BAS;20170601;22.6;22.2;22.8
BAS;20170602;22.9;22.3;23.2
BAS;20170603;22.6;22.2;22.8
BAS;20170604;22.3;22.0;22.4
BAS;20170605;21.4;21.5;21.3
BAS;20170606;20.1;20.6;19.8
BAS;20170607;19.2;19.6;19.0
BAS;20170608;19.7;19.5;20.0
BAS;20170609;20.0;19.9;20.0
BAS;20170610;21.1;20.4;21.5
BAS;20170611;22.1;21.3;22.6
BAS;20170612;22.8;22.1;23.0
BAS;20170613;22.8;22.2;23.1
BAS;20170614;23.1;22.6;23.5
BAS;20170615;23.9;23.1;24.4
BAS;20170616;24.1;23.6;24.4
BAS;20170617;23.5;23.2;23.7
BAS;20170618;23.6;23.2;23.9
BAS;20170619;24.2;23.4;24.6
BAS;20170620;25.2;24.3;25.8
BAS;20170621;25.7;24.7;26.2
BAS;20170622;25.9;25.0;26.4
BAS;20170623;26.1;25.3;26.6
BAS;20170624;25.3;25.0;25.4
BAS;20170625;24.6;24.4;24.7
BAS;20170626;24.7;24.2;25.1
BAS;20170627;24.9;24.4;25.1
BAS;20170628;24.2;24.1;24.1
BAS;20170629;22.7;23.1;22.4
BAS;20170630;22.1;22.4;21.9
BAS;20170701;21.2;21.8;20.7
BAS;20170702;20.3;20.9;19.9
BAS;20170703;21.3;21.0;21.5
BAS;20170704;22.2;21.7;22.6
BAS;20170705;23.3;22.5;23.9
BAS;20170706;24.4;23.4;25.1
BAS;20170707;24.9;24.0;25.4
BAS;20170708;25.4;24.4;26.0
BAS;20170709;24.7;24.5;24.6
BAS;20170710;23.5;23.5;23.4
BAS;20170711;22.8;22.9;22.6
BAS;20170712;22.4;22.5;22.3
BAS;20170713;22.8;22.4;23.1
BAS;20170714;23.0;22.8;23.1
BAS;20170715;22.5;22.5;22.5
BAS;20170716;22.9;22.4;23.2
BAS;20170717;23.9;23.1;24.4
BAS;20170718;24.7;23.8;25.3
BAS;20170719;25.5;24.5;26.0
BAS;20170720;24.9;24.5;25.0
BAS;20170721;24.4;24.1;24.6
BAS;20170722;23.8;23.7;23.7
BAS;20170723;22.6;23.0;22.3
BAS;20170724;21.1;21.8;20.7
BAS;20170725;20.0;20.8;19.5
BAS;20170726;19.5;20.1;19.2
BAS;20170727;20.0;20.2;20.0
BAS;20170728;20.9;20.7;21.1
BAS;20170729;22.0;21.4;22.5
BAS;20170730;23.1;22.5;23.4
BAS;20170731;23.4;22.8;23.7
BAS;20170801;24.1;23.4;24.4
BAS;20170802;24.0;23.5;24.4
BAS;20170803;25.3;24.5;25.7
BAS;20170804;25.2;24.8;25.3
BAS;20170805;24.3;24.2;24.3
BAS;20170806;24.0;23.9;24.1
BAS;20170807;23.7;23.6;23.8
BAS;20170808;22.7;23.1;22.4
BAS;20170809;21.7;22.1;21.5
BAS;20170810;20.2;21.0;19.6
BAS;20170811;19.1;19.9;18.7
BAS;20170812;19.3;19.6;19.3
BAS;20170813;20.4;20.2;20.8
BAS;20170814;21.7;21.1;22.1
BAS;20170815;22.6;22.0;22.9
BAS;20170816;23.0;22.5;23.3
BAS;20170817;23.1;22.8;23.3
BAS;20170818;23.3;23.1;23.5
BAS;20170819;22.6;22.7;22.5
BAS;20170820;21.8;22.0;21.7
BAS;20170821;21.4;21.6;21.4
BAS;20170822;21.6;21.5;21.8
BAS;20170823;22.2;21.9;22.6
BAS;20170824;22.7;22.4;22.8
BAS;20170825;22.7;22.4;22.9
BAS;20170826;23.2;22.8;23.6
BAS;20170827;23.1;22.9;23.3
BAS;20170828;23.4;23.0;23.6
BAS;20170829;23.6;23.2;23.9
BAS;20170830;23.6;23.3;23.8
BAS;20170831;22.3;22.8;21.9
BAS;20170901;20.6;21.3;20.2
BAS;20170902;19.5;20.3;19.0
BAS;20170903;19.1;19.6;18.9
BAS;20170904;19.1;19.4;19.1
BAS;20170905;20.2;19.9;20.5
BAS;20170906;20.5;20.4;20.5
BAS;20170907;19.5;19.9;19.3
BAS;20170908;18.8;19.3;18.5
BAS;20170909;18.0;18.7;17.6
BAS;20170910;18.0;18.3;18.0
BAS;20170911;17.4;18.0;17.0
BAS;20170912;17.0;17.5;16.7
BAS;20170913;16.5;17.1;16.2
BAS;20170914;16.4;17.0;16.1
BAS;20170915;15.9;16.4;15.7
BAS;20170916;15.7;16.3;15.3
BAS;20170917;15.1;15.8;14.7
BAS;20170918;15.1;15.6;14.9
BAS;20170919;15.1;15.6;14.9
BAS;20170920;15.5;15.7;15.6
BAS;20170921;15.2;15.6;15.1
BAS;20170922;15.4;15.6;15.4
BAS;20170923;15.9;16.0;16.0
BAS;20170924;16.5;16.5;16.7
BAS;20170925;16.4;16.5;16.4
BAS;20170926;16.0;16.4;15.9
BAS;20170927;16.7;16.6;16.9
BAS;20170928;17.0;17.0;17.0
BAS;20170929;17.5;17.3;17.8
BAS;20170930;17.4;17.5;17.3
BAS;20171001;16.7;17.0;16.6
BAS;20171002;16.3;16.7;16.2
BAS;20171003;16.6;16.8;16.6
BAS;20171004;15.3;16.0;15.0
BAS;20171005;14.9;15.4;14.8
BAS;20171006;14.7;15.3;14.4
BAS;20171007;14.0;14.6;13.7
BAS;20171008;14.0;14.5;13.7
BAS;20171009;14.1;14.4;14.0
BAS;20171010;13.8;14.2;13.8
BAS;20171011;14.5;14.6;14.6
BAS;20171012;14.5;14.7;14.4
BAS;20171013;14.4;14.6;14.5
BAS;20171014;14.5;14.7;14.5
BAS;20171015;14.6;14.8;14.7
BAS;20171016;14.8;14.9;14.9
BAS;20171017;14.8;14.9;14.8
BAS;20171018;14.4;14.7;14.3
BAS;20171019;14.4;14.6;14.4
BAS;20171020;14.1;14.5;14.0
BAS;20171021;14.8;14.7;14.9
BAS;20171022;13.9;14.6;13.5
BAS;20171023;12.9;13.6;12.5
BAS;20171024;13.2;13.5;13.2
BAS;20171025;13.5;13.7;13.6
BAS;20171026;13.8;13.9;13.8
BAS;20171027;13.4;13.8;13.1
BAS;20171028;11.9;12.8;11.4
BAS;20171029;11.5;12.2;11.2
BAS;20171030;10.9;11.7;10.4
BAS;20171031;9.7;10.8;9.1
BAS;20171101;9.3;10.1;8.9
BAS;20171102;9.8;10.2;9.6
BAS;20171103;10.9;11.0;11.0
BAS;20171104;10.9;11.2;10.8
BAS;20171105;10.9;11.3;10.6
BAS;20171106;9.8;10.6;9.4
BAS;20171107;9.2;10.0;8.7
BAS;20171108;8.9;9.6;8.6
BAS;20171109;8.8;9.4;8.5
BAS;20171110;8.7;9.2;8.4
BAS;20171111;8.8;9.3;8.7
BAS;20171112;9.3;9.6;9.1
BAS;20171113;8.4;9.2;8.0
BAS;20171114;8.1;8.8;7.8
BAS;20171115;7.4;8.2;6.9
BAS;20171116;6.8;7.7;6.3
BAS;20171117;6.7;7.4;6.4
BAS;20171118;7.0;7.5;6.7
BAS;20171119;6.8;7.4;6.4
BAS;20171120;6.4;7.1;6.1
BAS;20171121;6.8;7.1;6.6
BAS;20171122;6.7;7.2;6.5
BAS;20171123;6.7;7.1;6.5
BAS;20171124;7.4;7.5;7.4
BAS;20171125;7.9;8.1;7.7
BAS;20171126;6.8;7.5;6.3
BAS;20171127;6.4;7.0;6.0
BAS;20171128;6.5;7.0;6.2
BAS;20171129;6.2;6.8;5.8
BAS;20171130;5.6;6.4;5.2
BAS;20171201;5.0;5.9;4.6
BAS;20171202;4.7;5.5;4.3
BAS;20171203;4.4;5.2;3.9
BAS;20171204;4.4;5.0;4.1
BAS;20171205;4.7;5.1;4.4
BAS;20171206;4.7;5.2;4.3
BAS;20171207;3.9;4.8;3.5
BAS;20171208;4.2;4.7;4.0
BAS;20171209;3.8;4.6;3.4
BAS;20171210;3.3;4.0;2.9
BAS;20171211;4.2;4.4;4.2
BAS;20171212;4.5;4.8;4.2
BAS;20171213;3.4;4.2;3.0
BAS;20171214;4.3;4.5;4.2
BAS;20171215;4.3;4.7;4.2
BAS;20171216;4.1;4.6;3.9
BAS;20171217;3.8;4.4;3.5
BAS;20171218;3.4;4.1;3.0
BAS;20171219;3.4;3.9;3.1
BAS;20171220;3.7;4.1;3.6
BAS;20171221;4.1;4.4;4.1
BAS;20171222;4.9;4.9;5.0
BAS;20171223;5.6;5.5;5.6
BAS;20171224;5.6;5.8;5.6
BAS;20171225;5.4;5.7;5.2
BAS;20171226;4.5;5.1;4.1
BAS;20171227;4.2;4.7;3.9
BAS;20171228;4.0;4.6;3.6
BAS;20171229;3.6;4.2;3.2
BAS;20171230;4.3;4.4;4.4
BAS;20171231;6.1;5.7;6.4
BAS;20180101;6.0;6.0;5.9
BAS;20180102;5.7;5.9;5.5
BAS;20180103;6.2;6.2;6.2
BAS;20180104;6.4;6.4;6.5
BAS;20180105;7.3;7.1;7.5
BAS;20180106;7.4;7.4;7.5
BAS;20180107;7.1;7.3;7.1
BAS;20180108;6.5;6.9;6.2
BAS;20180109;6.1;6.5;5.9
BAS;20180110;5.7;6.2;5.4
BAS;20180111;5.7;6.0;5.6
BAS;20180112;6.0;6.2;5.9
BAS;20180113;5.7;6.1;5.4
BAS;20180114;4.4;5.3;3.9
BAS;20180115;3.7;4.5;3.4
BAS;20180116;4.9;4.9;5.0
BAS;20180117;4.7;5.2;4.4
BAS;20180118;4.8;5.0;4.7
BAS;20180119;5.4;5.5;5.3
BAS;20180120;5.0;5.3;4.9
BAS;20180121;5.6;5.7;5.5
BAS;20180122;5.9;5.8;6.0
BAS;20180123;6.5;6.5;6.5
BAS;20180124;6.5;6.5;6.5
BAS;20180125;6.3;6.5;6.2
BAS;20180126;6.5;6.6;6.4
BAS;20180127;6.5;6.6;6.4
BAS;20180128;6.8;6.8;6.8
BAS;20180129;7.1;7.1;7.1
BAS;20180130;7.3;7.3;7.4
BAS;20180131;7.2;7.4;7.1
BAS;20180201;6.7;7.1;6.4
BAS;20180202;5.6;6.3;5.1
BAS;20180203;4.9;5.6;4.5
BAS;20180204;4.5;5.1;4.2
BAS;20180205;4.4;5.0;4.2
BAS;20180206;4.1;4.7;3.8
BAS;20180207;3.7;4.4;3.3
BAS;20180208;3.5;4.1;3.3
BAS;20180209;3.8;4.1;3.6
BAS;20180210;3.8;4.3;3.6
BAS;20180211;3.7;4.2;3.5
BAS;20180212;3.8;4.2;3.6
BAS;20180213;3.2;3.9;2.8
BAS;20180214;2.9;3.5;2.6
BAS;20180215;2.8;3.3;2.5
BAS;20180216;4.0;3.9;4.1
BAS;20180217;4.4;4.6;4.4
BAS;20180218;3.9;4.3;3.7
BAS;20180219;3.7;4.1;3.5
BAS;20180220;3.6;4.0;3.4
BAS;20180221;3.4;3.9;3.2
BAS;20180222;2.9;3.6;2.5
BAS;20180223;2.3;3.0;2.0
BAS;20180224;2.3;2.8;2.1
BAS;20180225;2.3;2.8;2.0
BAS;20180226;1.6;2.4;1.1
BAS;20180227;1.1;1.9;0.6
BAS;20180228;0.8;1.6;0.4
BAS;20180301;0.7;1.4;0.4
BAS;20180302;0.7;1.3;0.3
BAS;20180303;0.7;1.3;0.4
BAS;20180304;1.0;1.3;0.9
BAS;20180305;2.7;2.3;3.0
BAS;20180306;3.6;3.4;3.8
BAS;20180307;4.1;4.0;4.2
BAS;20180308;4.8;4.5;5.1
BAS;20180309;5.8;5.4;6.2
BAS;20180310;6.5;6.2;6.8
BAS;20180311;7.0;6.6;7.2
BAS;20180312;7.1;6.9;7.3
BAS;20180313;7.1;7.1;7.1
BAS;20180314;7.6;7.2;7.9
BAS;20180315;7.4;7.4;7.3
BAS;20180316;7.3;7.3;7.4
BAS;20180317;6.7;7.1;6.4
BAS;20180318;5.6;6.2;5.2
BAS;20180319;4.7;5.4;4.4
BAS;20180320;4.4;4.8;4.1
BAS;20180321;4.5;4.8;4.4
BAS;20180322;4.2;4.7;4.0
BAS;20180323;5.3;5.2;5.5
BAS;20180324;6.1;5.9;6.4
BAS;20180325;6.9;6.6;7.2
BAS;20180326;7.3;7.2;7.4
BAS;20180327;7.7;7.5;7.9
BAS;20180328;8.3;8.0;8.5
BAS;20180329;8.4;8.3;8.4
BAS;20180330;7.9;8.0;7.9
BAS;20180331;8.1;8.0;8.1
BAS;20180401;7.9;8.0;7.8
BAS;20180402;7.8;7.8;7.9
BAS;20180403;9.0;8.5;9.4
BAS;20180404;9.9;9.5;10.2
BAS;20180405;9.9;9.7;10.0
BAS;20180406;10.0;9.7;10.2
BAS;20180407;11.0;10.3;11.4
BAS;20180408;12.2;11.4;12.7
BAS;20180409;12.8;12.1;13.2
BAS;20180410;12.3;12.2;12.2
BAS;20180411;11.6;11.4;11.7
BAS;20180412;12.7;12.1;13.1
BAS;20180413;12.9;12.5;13.2
BAS;20180414;13.2;12.7;13.5
BAS;20180415;13.9;13.3;14.3
BAS;20180416;14.5;13.9;15.0
BAS;20180417;15.1;14.3;15.6
BAS;20180418;15.5;14.8;15.9
BAS;20180419;15.9;15.2;16.5
BAS;20180420;16.5;15.7;17.0
BAS;20180421;17.0;16.2;17.6
BAS;20180422;17.4;16.6;18.0
BAS;20180423;17.1;16.7;17.2
BAS;20180424;17.1;16.5;17.6
BAS;20180425;17.1;16.7;17.4
BAS;20180426;16.5;16.4;16.6
BAS;20180427;16.3;16.0;16.6
BAS;20180428;16.8;16.4;17.2
BAS;20180429;17.1;16.6;17.4
BAS;20180430;16.9;16.7;16.8
BAS;20180501;15.8;16.0;15.7
BAS;20180502;15.3;15.4;15.2
BAS;20180503;15.1;15.2;14.9
BAS;20180504;15.0;15.0;15.1
BAS;20180505;16.3;15.6;17.0
BAS;20180506;17.8;16.7;18.5
BAS;20180507;18.4;17.5;19.0
BAS;20180508;19.2;18.2;19.8
BAS;20180509;19.2;18.6;19.5
BAS;20180510;16.8;17.3;16.4
BAS;20180511;17.3;16.9;17.7
BAS;20180512;18.7;17.9;19.3
BAS;20180513;17.8;18.1;17.5
BAS;20180514;16.1;16.6;15.9
BAS;20180515;15.9;16.1;15.8
BAS;20180516;15.4;15.6;15.2
BAS;20180517;15.3;15.4;15.3
BAS;20180518;16.2;15.8;16.7
BAS;20180519;17.2;16.7;17.6
BAS;20180520;17.6;17.2;17.9
BAS;20180521;18.2;17.6;18.6
BAS;20180522;18.7;18.1;19.1
BAS;20180523;19.0;18.5;19.3
BAS;20180524;19.8;19.0;20.4
BAS;20180525;20.5;19.7;21.1
BAS;20180526;21.2;20.3;21.8
BAS;20180527;21.5;20.8;22.0
BAS;20180528;21.9;21.0;22.4
BAS;20180529;22.1;21.4;22.5
BAS;20180530;22.3;21.5;22.7
BAS;20180531;22.3;21.7;22.5
BAS;20180601;21.7;21.4;21.8
BAS;20180602;21.9;21.3;22.2
BAS;20180603;22.3;21.6;22.7
BAS;20180604;22.9;22.1;23.3
BAS;20180605;23.1;22.3;23.6
BAS;20180606;23.2;22.6;23.5
BAS;20180607;22.9;22.5;23.2
BAS;20180608;23.3;22.6;23.7
BAS;20180609;23.3;22.8;23.6
BAS;20180610;23.2;22.7;23.6
BAS;20180611;22.8;22.6;22.8
BAS;20180612;22.1;22.0;22.2
BAS;20180613;21.1;21.4;20.8
BAS;20180614;20.3;20.4;20.4
BAS;20180615;21.1;20.7;21.4
BAS;20180616;21.7;21.2;22.0
BAS;20180617;21.8;21.5;21.9
BAS;20180618;21.7;21.4;21.9
BAS;20180619;22.5;21.8;22.9
BAS;20180620;23.3;22.5;23.8
BAS;20180621;23.8;23.1;24.0
BAS;20180622;22.7;22.7;22.7
BAS;20180623;22.0;22.0;21.9
BAS;20180624;21.7;21.7;21.7
BAS;20180625;21.6;21.5;21.6
BAS;20180626;21.8;21.4;22.0
BAS;20180627;22.6;22.0;23.0
BAS;20180628;22.4;22.1;22.5
BAS;20180629;22.4;22.0;22.7
BAS;20180630;23.4;22.5;24.0
BAS;20180701;24.1;23.2;24.7
BAS;20180702;24.4;23.6;25.0
BAS;20180703;23.6;23.4;23.6
BAS;20180704;23.9;23.2;24.3
BAS;20180705;23.3;23.2;23.2
BAS;20180706;22.4;22.5;22.4
BAS;20180707;22.8;22.4;23.1
BAS;20180708;23.5;22.9;23.8
BAS;20180709;23.6;23.1;23.9
BAS;20180710;23.2;23.1;23.2
BAS;20180711;22.3;22.4;22.2
BAS;20180712;22.0;21.9;22.1
BAS;20180713;22.7;22.2;23.0
BAS;20180714;23.4;22.8;23.7
BAS;20180715;23.2;22.9;23.2
BAS;20180716;23.1;22.7;23.4
BAS;20180717;23.6;23.1;23.9
BAS;20180718;24.0;23.4;24.3
BAS;20180719;24.2;23.7;24.5
BAS;20180720;23.9;23.7;23.9
BAS;20180721;22.8;23.0;22.6
BAS;20180722;22.8;22.6;23.0
BAS;20180723;23.4;23.0;23.6
BAS;20180724;23.9;23.3;24.4
BAS;20180725;24.9;24.0;25.4
BAS;20180726;24.9;24.2;25.2
BAS;20180727;24.9;24.3;25.4
BAS;20180728;24.2;24.1;24.0
BAS;20180729;24.2;23.6;24.7
BAS;20180730;25.1;24.3;25.7
BAS;20180731;25.6;24.7;26.1
BAS;20180801;25.9;25.1;26.2
BAS;20180802;25.9;25.1;26.4
BAS;20180803;26.4;25.5;27.0
BAS;20180804;27.0;25.9;27.6
BAS;20180805;27.0;26.1;27.5
BAS;20180806;27.0;26.2;27.5
BAS;20180807;26.7;26.1;27.0
BAS;20180808;26.0;25.7;26.1
BAS;20180809;24.6;24.9;24.4
BAS;20180810;23.9;24.1;23.8
BAS;20180811;23.5;23.6;23.5
BAS;20180812;23.5;23.4;23.6
BAS;20180813;23.2;23.4;23.0
BAS;20180814;23.2;23.0;23.3
BAS;20180815;23.3;23.1;23.4
BAS;20180816;23.5;23.2;23.8
BAS;20180817;23.4;23.3;23.4
BAS;20180818;23.4;23.2;23.6
BAS;20180819;23.9;23.4;24.3
BAS;20180820;24.2;23.7;24.6
BAS;20180821;24.7;24.0;25.2
BAS;20180822;25.0;24.3;25.5
BAS;20180823;24.8;24.4;24.9
BAS;20180824;23.1;23.6;22.6
BAS;20180825;20.4;21.8;19.5
BAS;20180826;19.6;20.4;19.4
BAS;20180827;20.4;20.6;20.4
BAS;20180828;21.6;21.2;21.9
BAS;20180829;21.5;21.5;21.5
BAS;20180830;21.0;21.2;20.8
BAS;20180831;19.5;20.5;18.9
BAS;20180901;18.5;19.3;18.1
BAS;20180902;18.2;18.9;18.0
BAS;20180903;18.9;19.0;19.0
BAS;20180904;19.6;19.5;19.7
BAS;20180905;20.1;19.9;20.4
BAS;20180906;19.9;20.1;19.8
BAS;20180907;19.9;19.9;20.0
BAS;20180908;19.9;19.9;20.0
BAS;20180909;20.0;19.9;20.2
BAS;20180910;20.1;20.0;20.3
BAS;20180911;20.4;20.2;20.7
BAS;20180912;20.9;20.5;21.3
BAS;20180913;21.2;20.9;21.3
BAS;20180914;20.8;20.7;20.8
BAS;20180915;20.5;20.5;20.5
BAS;20180916;19.7;19.9;19.6
BAS;20180917;20.2;20.0;20.5
BAS;20180918;20.6;20.3;20.9
BAS;20180919;20.8;20.5;21.0
BAS;20180920;21.1;20.8;21.4
BAS;20180921;20.4;20.6;20.1
BAS;20180922;19.1;19.6;18.9
BAS;20180923;19.3;19.5;19.3
BAS;20180924;18.0;18.9;17.5
BAS;20180925;16.2;17.4;15.7
BAS;20180926;15.9;16.7;15.7
BAS;20180927;16.6;16.8;16.6
BAS;20180928;17.2;17.3;17.3
BAS;20180929;17.1;17.4;17.0
BAS;20180930;16.6;17.0;16.6
BAS;20181001;16.0;16.9;15.5
BAS;20181002;14.7;15.7;14.3
BAS;20181003;15.0;15.6;14.8
BAS;20181004;15.3;15.6;15.3
BAS;20181005;15.6;15.8;15.7
BAS;20181006;16.1;16.1;16.2
BAS;20181007;16.3;16.4;16.4
BAS;20181008;16.5;16.6;16.5
BAS;20181009;16.0;16.3;16.0
BAS;20181010;16.4;16.4;16.5
BAS;20181011;15.9;16.2;15.7
BAS;20181012;16.3;16.2;16.6
BAS;20181013;16.6;16.5;16.8
BAS;20181014;16.6;16.6;16.7
BAS;20181015;16.1;16.4;16.1
BAS;20181016;15.6;15.9;15.6
BAS;20181017;15.3;15.7;15.2
BAS;20181018;14.8;15.3;14.7
BAS;20181019;14.8;15.2;14.7
BAS;20181020;14.2;14.8;14.0
BAS;20181021;14.2;14.6;14.0
BAS;20181022;12.9;13.9;12.4
BAS;20181023;12.6;13.3;12.3
BAS;20181024;12.9;13.4;12.8
BAS;20181025;13.4;13.7;13.4
BAS;20181026;13.4;13.7;13.3
BAS;20181027;12.3;13.3;11.6
BAS;20181028;10.3;11.9;9.7
BAS;20181029;9.8;11.0;9.3
BAS;20181030;9.3;10.4;8.7
BAS;20181031;8.6;9.7;8.1
BAS;20181101;9.0;9.6;8.9
BAS;20181102;9.4;10.0;9.2
BAS;20181103;9.9;10.2;9.8
BAS;20181104;10.2;10.5;10.0
BAS;20181105;10.2;10.6;10.1
BAS;20181106;10.0;10.5;9.8
BAS;20181107;10.2;10.5;10.2
BAS;20181108;10.8;11.0;10.9
BAS;20181109;10.6;11.0;10.5
BAS;20181110;10.6;10.9;10.5
BAS;20181111;10.9;11.2;10.9
BAS;20181112;10.9;11.1;10.9
BAS;20181113;11.1;11.3;11.0
BAS;20181114;10.7;11.1;10.6
BAS;20181115;10.6;10.9;10.4
BAS;20181116;10.0;10.7;9.6
BAS;20181117;8.7;9.7;8.2
BAS;20181118;7.2;8.4;6.5
BAS;20181119;6.1;7.3;5.4
BAS;20181120;5.9;6.8;5.4
BAS;20181121;5.5;6.4;4.9
BAS;20181122;5.7;6.3;5.3
BAS;20181123;5.5;6.2;5.1
BAS;20181124;6.0;6.4;5.9
BAS;20181125;5.9;6.5;5.7
BAS;20181126;6.0;6.5;5.8
BAS;20181127;6.2;6.7;6.0
BAS;20181128;6.1;6.6;5.8
BAS;20181129;6.2;6.7;5.9
BAS;20181130;6.0;6.5;5.8
BAS;20181201;6.6;6.8;6.6
BAS;20181202;7.1;7.2;7.1
BAS;20181203;8.3;8.1;8.6
BAS;20181204;8.9;8.9;9.0
BAS;20181205;8.7;9.0;8.6
BAS;20181206;8.8;8.9;8.7
BAS;20181207;9.1;9.2;9.1
BAS;20181208;8.4;9.0;8.1
BAS;20181209;8.1;8.6;7.9
BAS;20181210;7.7;8.2;7.4
BAS;20181211;7.0;7.8;6.6
BAS;20181212;5.5;6.7;4.8
BAS;20181213;5.0;5.9;4.5
BAS;20181214;4.5;5.4;4.0
BAS;20181215;4.2;5.1;3.8
BAS;20181216;4.0;4.8;3.7
BAS;20181217;4.5;5.0;4.3
BAS;20181218;4.4;5.0;4.1
BAS;20181219;4.1;4.7;3.7
BAS;20181220;4.5;4.8;4.4
BAS;20181221;5.2;5.3;5.3
BAS;20181222;6.7;6.4;7.0
BAS;20181223;7.1;7.0;7.3
BAS;20181224;7.8;7.6;7.9
BAS;20181225;6.4;7.0;6.0
BAS;20181226;5.4;6.2;4.9
BAS;20181227;4.3;5.3;3.8
BAS;20181228;3.9;4.7;3.6
BAS;20181229;4.1;4.7;3.7
BAS;20181230;4.1;4.6;3.9
BAS;20181231;4.8;5.0;4.8
BAS;20190101;5.3;5.5;5.2
BAS;20190102;5.1;5.5;4.8
BAS;20190103;4.1;4.9;3.6
BAS;20190104;3.5;4.3;3.2
BAS;20190105;3.4;4.1;3.2
BAS;20190106;3.9;4.3;3.8
BAS;20190107;4.3;4.6;4.2
BAS;20190108;4.4;4.7;4.2
BAS;20190109;4.3;4.7;4.0
BAS;20190110;3.9;4.5;3.5
BAS;20190111;3.6;4.2;3.3
BAS;20190112;3.7;4.2;3.5
BAS;20190113;4.3;4.5;4.3
BAS;20190114;5.0;5.1;5.0
BAS;20190115;4.7;5.0;4.6
BAS;20190116;4.1;4.7;3.8
BAS;20190117;3.9;4.3;3.6
BAS;20190118;3.6;4.2;3.3
BAS;20190119;2.8;3.6;2.3
BAS;20190120;2.3;3.0;1.9
BAS;20190121;2.3;2.9;2.0
BAS;20190122;2.4;2.9;2.1
BAS;20190123;2.3;2.8;2.0
BAS;20190124;2.2;2.8;1.9
BAS;20190125;1.9;2.5;1.6
BAS;20190126;2.1;2.5;1.9
BAS;20190127;2.6;2.8;2.6
BAS;20190128;2.9;3.2;2.7
BAS;20190129;3.0;3.3;2.8
BAS;20190130;2.8;3.2;2.5
BAS;20190131;2.5;3.0;2.3
BAS;20190201;2.9;3.2;2.9
BAS;20190202;3.4;3.5;3.5
BAS;20190203;3.7;3.9;3.5
BAS;20190204;3.1;3.6;2.9
BAS;20190205;2.8;3.3;2.5
BAS;20190206;2.3;2.9;2.1
BAS;20190207;1.9;2.6;1.6
BAS;20190208;2.6;2.7;2.6
BAS;20190209;3.6;3.4;3.7
BAS;20190210;4.4;4.3;4.5
BAS;20190211;4.3;4.5;4.2
BAS;20190212;3.9;4.3;3.8
BAS;20190213;3.6;4.0;3.4
BAS;20190214;3.7;3.9;3.7
BAS;20190215;3.8;4.0;3.8
BAS;20190216;4.1;4.2;4.3
BAS;20190217;4.7;4.6;4.8
BAS;20190218;4.9;4.9;5.0
BAS;20190219;5.1;5.0;5.1
BAS;20190220;5.5;5.4;5.6
BAS;20190221;5.8;5.7;5.9
BAS;20190222;6.2;6.0;6.4
BAS;20190223;6.2;6.2;6.2
BAS;20190224;5.8;6.0;5.7
BAS;20190225;5.6;5.8;5.6
BAS;20190226;5.9;5.9;6.0
BAS;20190227;6.3;6.2;6.5
BAS;20190228;6.7;6.6;7.0
BAS;20190301;7.3;7.1;7.4
BAS;20190302;7.2;7.2;7.3
BAS;20190303;7.7;7.5;7.9
BAS;20190304;7.6;7.7;7.6
BAS;20190305;7.0;7.3;6.9
BAS;20190306;7.1;7.2;7.1
BAS;20190307;7.6;7.5;7.6
BAS;20190308;7.7;7.7;7.8
BAS;20190309;7.9;7.9;8.0
BAS;20190310;8.6;8.3;8.9
BAS;20190311;7.8;8.2;7.5
BAS;20190312;7.2;7.5;7.1
BAS;20190313;7.4;7.6;7.3
BAS;20190314;7.0;7.4;6.8
BAS;20190315;7.4;7.4;7.5
BAS;20190316;8.6;8.1;8.9
BAS;20190317;8.3;8.4;8.2
BAS;20190318;7.8;8.0;7.6
BAS;20190319;7.5;7.8;7.4
BAS;20190320;7.5;7.6;7.5
BAS;20190321;7.8;7.8;7.9
BAS;20190322;8.4;8.2;8.6
BAS;20190323;9.2;8.8;9.5
BAS;20190324;9.7;9.3;10.0
BAS;20190325;9.7;9.7;9.8
BAS;20190326;9.5;9.4;9.6
BAS;20190327;8.9;9.2;8.7
BAS;20190328;8.9;8.9;9.0
BAS;20190329;9.7;9.4;10.0
BAS;20190330;10.3;10.0;10.7
BAS;20190331;10.8;10.4;11.1
BAS;20190401;11.2;10.8;11.5
BAS;20190402;11.6;11.2;12.0
BAS;20190403;11.2;11.4;11.0
BAS;20190404;8.8;9.8;8.1
BAS;20190405;8.1;8.6;7.8
BAS;20190406;8.5;8.6;8.5
BAS;20190407;9.3;9.2;9.4
BAS;20190408;10.0;9.7;10.2
BAS;20190409;10.5;10.2;10.8
BAS;20190410;10.7;10.6;10.8
BAS;20190411;10.4;10.5;10.4
BAS;20190412;10.3;10.3;10.4
BAS;20190413;10.2;10.4;10.1
BAS;20190414;9.5;10.0;9.1
BAS;20190415;9.6;9.6;9.8
BAS;20190416;10.5;10.3;10.7
BAS;20190417;12.1;11.3;12.8
BAS;20190418;13.0;12.3;13.5
BAS;20190419;13.7;12.9;14.2
BAS;20190420;14.4;13.6;14.9
BAS;20190421;14.4;14.0;14.7
BAS;20190422;14.7;14.1;15.1
BAS;20190423;15.1;14.5;15.5
BAS;20190424;15.1;14.7;15.3
BAS;20190425;14.6;14.5;14.7
BAS;20190426;14.0;14.2;13.8
BAS;20190427;13.2;13.6;12.9
BAS;20190428;12.6;12.9;12.4
BAS;20190429;12.1;12.6;11.9
BAS;20190430;12.2;12.3;12.2
BAS;20190501;12.9;12.6;13.3
BAS;20190502;13.5;13.4;13.6
BAS;20190503;13.4;13.4;13.4
BAS;20190504;12.5;13.0;12.2
BAS;20190505;11.3;11.9;11.1
BAS;20190506;11.4;11.7;11.4
BAS;20190507;12.2;12.0;12.5
BAS;20190508;12.7;12.7;12.7
BAS;20190509;12.2;12.3;12.1
BAS;20190510;12.8;12.6;13.1
BAS;20190511;13.5;13.3;13.6
BAS;20190512;13.6;13.3;13.8
BAS;20190513;13.7;13.6;13.7
BAS;20190514;13.7;13.5;13.8
BAS;20190515;13.7;13.7;13.7
BAS;20190516;13.4;13.5;13.3
BAS;20190517;13.6;13.5;13.8
BAS;20190518;14.7;14.2;15.1
BAS;20190519;15.6;14.9;16.1
BAS;20190520;15.3;15.3;15.3
BAS;20190521;14.6;14.7;14.5
BAS;20190522;15.4;14.8;15.8
BAS;20190523;16.3;15.6;16.8
BAS;20190524;17.2;16.4;17.7
BAS;20190525;18.0;17.2;18.5
BAS;20190526;18.1;17.4;18.5
BAS;20190527;18.2;17.7;18.5
BAS;20190528;17.6;17.5;17.6
BAS;20190529;17.2;17.0;17.4
BAS;20190530;17.7;17.2;18.1
BAS;20190531;18.5;17.8;18.9
BAS;20190601;19.3;18.4;19.9
BAS;20190602;20.5;19.4;21.2
BAS;20190603;21.2;20.3;21.7
BAS;20190604;21.7;20.7;22.3
BAS;20190605;22.3;21.3;22.9
BAS;20190606;20.6;20.8;20.2
BAS;20190607;19.5;19.5;19.6
BAS;20190608;20.1;19.7;20.4
BAS;20190609;19.0;19.3;18.7
BAS;20190610;18.3;18.5;18.2
BAS;20190611;17.9;18.1;17.8
BAS;20190612;18.5;18.1;18.9
BAS;20190613;20.0;19.2;20.6
BAS;20190614;19.9;19.6;20.1
BAS;20190615;20.1;19.7;20.3
BAS;20190616;20.3;19.8;20.6
BAS;20190617;21.1;20.3;21.6
BAS;20190618;22.1;21.1;22.6
BAS;20190619;22.8;21.8;23.4
BAS;20190620;22.1;21.9;22.0
BAS;20190621;21.5;21.2;21.7
BAS;20190622;21.5;21.2;21.6
BAS;20190623;22.2;21.4;22.7
BAS;20190624;23.2;22.2;23.8
BAS;20190625;24.1;23.0;24.8
BAS;20190626;25.4;24.0;26.2
BAS;20190627;26.0;24.8;26.8
BAS;20190628;26.0;25.0;26.5
BAS;20190629;25.7;24.9;26.1
BAS;20190630;25.9;25.0;26.5
BAS;20190701;26.7;25.6;27.4
BAS;20190702;26.3;25.6;26.6
BAS;20190703;25.4;25.0;25.6
BAS;20190704;25.2;24.7;25.5
BAS;20190705;25.1;24.6;25.4
BAS;20190706;24.4;24.2;24.4
BAS;20190707;24.0;23.8;24.1
BAS;20190708;23.6;23.6;23.6
BAS;20190709;23.3;23.1;23.4
BAS;20190710;23.1;23.0;23.3
BAS;20190711;22.2;22.6;21.9
BAS;20190712;21.9;21.9;21.9
BAS;20190713;22.4;22.1;22.5
BAS;20190714;22.1;22.0;22.2
BAS;20190715;21.5;21.6;21.4
BAS;20190716;22.1;21.7;22.4
BAS;20190717;22.8;22.3;23.1
BAS;20190718;23.0;22.5;23.2
BAS;20190719;23.7;23.0;24.1
BAS;20190720;23.7;23.2;24.0
BAS;20190721;24.3;23.5;24.8
BAS;20190722;24.5;23.8;24.9
BAS;20190723;24.9;24.0;25.4
BAS;20190724;25.5;24.5;26.2
BAS;20190725;26.0;25.0;26.7
BAS;20190726;26.1;25.4;26.6
BAS;20190727;24.9;24.8;24.8
BAS;20190728;23.0;23.6;22.5
BAS;20190729;22.4;22.4;22.5
BAS;20190730;23.4;23.0;23.7
BAS;20190731;23.1;23.1;23.1
BAS;20190801;22.9;22.7;23.1
BAS;20190802;23.2;23.0;23.4
BAS;20190803;23.4;23.1;23.7
BAS;20190804;23.5;23.1;23.7
BAS;20190805;24.0;23.5;24.3
BAS;20190806;24.0;23.7;24.1
BAS;20190807;22.9;23.2;22.7
BAS;20190808;22.8;22.6;23.1
BAS;20190809;23.8;23.2;24.2
BAS;20190810;24.2;23.8;24.3
BAS;20190811;23.7;23.6;23.7
BAS;20190812;22.6;22.9;22.4
BAS;20190813;21.8;22.1;21.7
BAS;20190814;21.6;21.7;21.6
BAS;20190815;21.1;21.5;20.9
BAS;20190816;21.3;21.2;21.4
BAS;20190817;21.4;21.4;21.4
BAS;20190818;22.2;21.7;22.7
BAS;20190819;21.9;22.0;21.8
BAS;20190820;20.8;21.3;20.4
BAS;20190821;20.4;20.5;20.4
BAS;20190822;20.5;20.6;20.6
BAS;20190823;20.8;20.7;21.0
BAS;20190824;21.3;21.0;21.5
BAS;20190825;21.8;21.4;22.1
BAS;20190826;22.3;21.8;22.7
BAS;20190827;22.6;22.1;23.0
BAS;20190828;23.3;22.6;23.8
BAS;20190829;23.3;22.9;23.6
BAS;20190830;23.4;22.9;23.7
BAS;20190831;23.5;23.0;23.9
BAS;20190901;23.1;23.0;23.1
BAS;20190902;22.1;22.3;21.9
BAS;20190903;21.2;21.4;21.2
BAS;20190904;21.0;21.1;21.1
BAS;20190905;19.8;20.5;19.3
BAS;20190906;19.0;19.6;18.7
BAS;20190907;19.1;19.3;19.1
BAS;20190908;18.3;19.0;17.8
BAS;20190909;17.7;18.2;17.5
BAS;20190910;18.0;18.2;18.0
BAS;20190911;17.9;18.2;17.8
BAS;20190912;18.3;18.3;18.5
BAS;20190913;18.8;18.6;19.1
BAS;20190914;19.4;19.1;19.7
BAS;20190915;19.8;19.4;20.2
BAS;20190916;20.2;19.8;20.6
BAS;20190917;20.1;19.8;20.3
BAS;20190918;19.3;19.4;19.2
BAS;20190919;18.1;18.6;17.9
BAS;20190920;17.1;17.7;16.9
BAS;20190921;17.3;17.4;17.4
BAS;20190922;18.2;18.0;18.5
BAS;20190923;18.0;18.2;17.9
BAS;20190924;16.9;17.6;16.6
BAS;20190925;17.0;17.3;16.9
BAS;20190926;17.2;17.3;17.1
BAS;20190927;17.4;17.5;17.4
BAS;20190928;17.4;17.5;17.3
BAS;20190929;17.2;17.3;17.2
BAS;20190930;17.6;17.7;17.6
BAS;20191001;17.0;17.2;16.9
BAS;20191002;17.0;17.3;16.8
BAS;20191003;16.1;16.6;15.9
BAS;20191004;15.2;16.0;14.8
BAS;20191005;15.0;15.5;14.9
BAS;20191006;15.1;15.5;14.9
BAS;20191007;14.7;15.2;14.5
BAS;20191008;14.7;15.0;14.7
BAS;20191009;15.0;15.4;14.8
BAS;20191010;14.2;14.8;14.0
BAS;20191011;14.0;14.5;14.0
BAS;20191012;14.4;14.6;14.5
BAS;20191013;15.6;15.3;15.9
BAS;20191014;15.8;15.7;16.0
BAS;20191015;15.3;15.6;15.1
BAS;20191016;14.7;15.1;14.6
BAS;20191017;14.8;15.0;14.8
BAS;20191018;15.0;15.2;15.0
BAS;20191019;14.6;15.0;14.4
BAS;20191020;14.7;14.8;14.7
BAS;20191021;14.8;15.0;14.7
BAS;20191022;14.5;14.8;14.4
BAS;20191023;14.8;14.9;14.9
BAS;20191024;14.9;15.0;14.9
BAS;20191025;15.0;15.1;15.1
BAS;20191026;14.4;14.7;14.3
BAS;20191027;14.3;14.6;14.3
BAS;20191028;14.0;14.5;13.7
BAS;20191029;12.9;13.7;12.5
BAS;20191030;12.2;13.0;11.8
BAS;20191031;11.9;12.6;11.7
BAS;20191101;12.0;12.5;11.8
BAS;20191102;12.6;12.8;12.6
BAS;20191103;12.5;12.9;12.4
BAS;20191104;12.0;12.5;11.8
BAS;20191105;11.5;12.2;11.2
BAS;20191106;11.3;11.9;11.1
BAS;20191107;10.7;11.5;10.3
BAS;20191108;10.2;11.0;9.9
BAS;20191109;9.5;10.5;9.0
BAS;20191110;8.7;9.8;8.1
BAS;20191111;8.5;9.4;8.2
BAS;20191112;8.5;9.3;8.2
BAS;20191113;8.4;9.1;8.0
BAS;20191114;7.7;8.6;7.2
BAS;20191115;7.9;8.6;7.6
BAS;20191116;7.5;8.3;7.1
BAS;20191117;6.7;7.8;6.0
BAS;20191118;6.5;7.3;6.1
BAS;20191119;6.5;7.3;6.2
BAS;20191120;6.8;7.4;6.5
BAS;20191121;6.9;7.4;6.6
BAS;20191122;7.1;7.6;6.9
BAS;20191123;6.9;7.5;6.5
BAS;20191124;6.4;7.1;6.0
BAS;20191125;7.2;7.4;7.2
BAS;20191126;7.8;8.0;7.8
BAS;20191127;8.2;8.3;8.2
BAS;20191128;8.5;8.7;8.5
BAS;20191129;8.4;8.7;8.2
BAS;20191130;7.9;8.5;7.7
BAS;20191201;7.1;7.9;6.7
BAS;20191202;6.7;7.5;6.2
BAS;20191203;5.4;6.5;4.7
BAS;20191204;4.3;5.5;3.6
BAS;20191205;3.8;4.9;3.3
BAS;20191206;3.7;4.6;3.4
BAS;20191207;4.9;5.1;5.0
BAS;20191208;5.7;5.8;5.7
BAS;20191209;6.3;6.5;6.3
BAS;20191210;5.9;6.4;5.7
BAS;20191211;4.7;5.6;4.1
BAS;20191212;4.7;5.3;4.3
BAS;20191213;4.6;5.2;4.4
BAS;20191214;5.3;5.6;5.3
BAS;20191215;6.6;6.4;6.8
BAS;20191216;6.8;6.9;6.8
BAS;20191217;6.7;6.9;6.6
BAS;20191218;6.9;7.0;6.8
BAS;20191219;6.5;6.9;6.3
BAS;20191220;6.2;6.6;6.0
BAS;20191221;6.2;6.6;6.1
BAS;20191222;6.3;6.6;6.2
BAS;20191223;6.3;6.6;6.1
BAS;20191224;6.2;6.5;6.0
BAS;20191225;6.6;6.8;6.6
BAS;20191226;5.9;6.5;5.6
BAS;20191227;6.3;6.5;6.2
BAS;20191228;6.5;6.8;6.3
BAS;20191229;5.3;6.1;4.8
BAS;20191230;4.6;5.5;4.2
BAS;20191231;4.0;4.9;3.5
BAS;20200101;3.5;4.4;3.0
BAS;20200102;2.9;3.8;2.5
BAS;20200103;3.3;3.7;3.1
BAS;20200104;4.5;4.6;4.5
BAS;20200105;4.0;4.6;3.7
BAS;20200106;3.2;4.0;2.8
BAS;20200107;3.0;3.6;2.7
BAS;20200108;3.2;3.7;3.1
BAS;20200109;4.3;4.3;4.5
BAS;20200110;5.1;5.0;5.2
BAS;20200111;5.4;5.5;5.4
BAS;20200112;4.5;5.1;4.1
BAS;20200113;4.4;4.8;4.2
BAS;20200114;4.2;4.6;4.0
BAS;20200115;4.2;4.6;4.1
BAS;20200116;4.8;4.8;4.8
BAS;20200117;4.4;4.8;4.2
BAS;20200118;4.8;5.0;4.7
BAS;20200119;4.1;4.7;3.7
BAS;20200120;3.4;4.1;3.0
BAS;20200121;2.8;3.6;2.4
BAS;20200122;2.1;3.0;1.6
BAS;20200123;2.2;2.8;1.9
BAS;20200124;2.1;2.7;1.8
BAS;20200125;2.5;2.8;2.4
BAS;20200126;2.9;3.1;2.8
BAS;20200127;3.8;3.8;3.9
BAS;20200128;4.6;4.5;4.6
BAS;20200129;4.4;4.6;4.3
BAS;20200130;4.5;4.6;4.5
BAS;20200131;6.2;5.6;6.7
BAS;20200201;7.0;6.6;7.4
BAS;20200202;7.7;7.2;8.1
BAS;20200203;8.7;8.1;9.1
BAS;20200204;7.9;8.1;7.7
BAS;20200205;6.9;7.2;6.6
BAS;20200206;5.6;6.4;5.2
BAS;20200207;4.7;5.4;4.3
BAS;20200208;4.3;4.9;4.1
BAS;20200209;4.7;4.9;4.7
BAS;20200210;6.7;6.2;7.2
BAS;20200211;6.6;6.7;6.5
BAS;20200212;5.8;6.2;5.5
BAS;20200213;5.5;5.9;5.3
BAS;20200214;6.0;6.0;6.0
BAS;20200215;6.0;6.1;6.0
BAS;20200216;6.5;6.4;6.7
BAS;20200217;7.1;7.0;7.3
BAS;20200218;6.7;6.9;6.6
BAS;20200219;6.6;6.8;6.5
BAS;20200220;6.9;6.9;7.0
BAS;20200221;7.0;7.1;7.1
BAS;20200222;6.5;6.8;6.5
BAS;20200223;7.3;7.1;7.5
BAS;20200224;8.7;8.1;9.3
BAS;20200225;8.2;8.3;8.0
BAS;20200226;6.9;7.5;6.4
BAS;20200227;6.0;6.7;5.6
BAS;20200228;6.2;6.4;6.2
BAS;20200229;6.9;6.9;7.0
BAS;20200301;7.6;7.4;7.7
BAS;20200302;7.0;7.4;6.8
BAS;20200303;7.1;7.2;7.1
BAS;20200304;7.4;7.4;7.5
BAS;20200305;7.3;7.5;7.2
BAS;20200306;6.9;7.3;6.7
BAS;20200307;6.7;7.0;6.6
BAS;20200308;6.7;6.9;6.7
BAS;20200309;7.4;7.4;7.5
BAS;20200310;7.1;7.3;6.9
BAS;20200311;8.7;8.0;9.3
BAS;20200312;9.4;9.0;9.8
BAS;20200313;9.7;9.4;9.9
BAS;20200314;8.9;9.1;8.9
BAS;20200315;8.9;8.9;9.0
BAS;20200316;9.6;9.3;9.9
BAS;20200317;10.2;9.8;10.5
BAS;20200318;10.6;10.2;11.0
BAS;20200319;11.2;10.7;11.6
BAS;20200320;11.6;11.1;12.1
BAS;20200321;11.0;11.2;10.8
BAS;20200322;9.8;10.2;9.6
BAS;20200323;8.7;9.3;8.4
BAS;20200324;8.2;8.7;8.0
BAS;20200325;8.0;8.4;7.8
BAS;20200326;7.7;8.1;7.5
BAS;20200327;8.0;8.1;8.1
BAS;20200328;9.1;8.8;9.4
BAS;20200329;9.2;9.4;9.1
BAS;20200330;8.1;8.6;7.8
BAS;20200331;7.6;8.0;7.5
BAS;20200401;8.1;8.2;8.2
BAS;20200402;8.5;8.5;8.7
BAS;20200403;9.1;9.0;9.4
BAS;20200404;9.7;9.4;9.9
BAS;20200405;10.4;10.0;10.8
BAS;20200406;11.2;10.7;11.8
BAS;20200407;12.0;11.4;12.5
BAS;20200408;12.5;11.9;13.1
BAS;20200409;13.2;12.5;13.8
BAS;20200410;13.7;13.0;14.2
BAS;20200411;14.1;13.4;14.6
BAS;20200412;14.5;13.8;14.9
BAS;20200413;14.8;14.1;15.4
BAS;20200414;14.2;14.0;14.3
BAS;20200415;13.5;13.4;13.7
BAS;20200416;14.0;13.5;14.5
BAS;20200417;15.1;14.2;15.7
BAS;20200418;15.7;14.8;16.3
BAS;20200419;15.8;15.1;16.4
BAS;20200420;16.4;15.5;16.9
BAS;20200421;15.5;15.3;15.5
BAS;20200422;15.5;15.0;16.0
BAS;20200423;16.0;15.3;16.5
BAS;20200424;16.2;15.6;16.7
BAS;20200425;16.8;16.0;17.4
BAS;20200426;16.8;16.2;17.2
BAS;20200427;16.7;16.1;17.1
BAS;20200428;16.6;16.3;16.7
BAS;20200429;15.7;15.7;15.6
BAS;20200430;14.9;15.2;14.6
BAS;20200501;14.0;14.4;13.7
BAS;20200502;13.7;14.1;13.6
BAS;20200503;14.2;13.9;14.5
BAS;20200504;16.1;15.2;16.7
BAS;20200505;15.4;15.5;15.3
BAS;20200506;15.4;15.0;15.7
BAS;20200507;15.9;15.4;16.2
BAS;20200508;17.1;16.2;17.7
BAS;20200509;18.6;17.3;19.3
BAS;20200510;19.4;18.2;20.0
BAS;20200511;17.6;17.9;17.2
BAS;20200512;15.7;16.0;15.6
BAS;20200513;15.1;15.7;14.8
BAS;20200514;14.1;14.6;13.9
BAS;20200515;14.2;14.4;14.2
BAS;20200516;14.7;14.5;15.0
BAS;20200517;16.1;15.5;16.5
BAS;20200518;17.1;16.4;17.6
BAS;20200519;18.2;17.3;18.8
BAS;20200520;18.9;18.1;19.3
BAS;20200521;19.1;18.3;19.6
BAS;20200522;19.6;18.9;20.1
BAS;20200523;18.9;18.9;18.7
BAS;20200524;17.6;17.6;17.7
BAS;20200525;17.9;17.7;18.0
BAS;20200526;18.2;17.8;18.5
BAS;20200527;18.8;18.2;19.2
BAS;20200528;19.0;18.5;19.3
BAS;20200529;19.2;18.7;19.6
BAS;20200530;19.0;18.7;19.1
BAS;20200531;18.9;18.5;19.1
BAS;20200601;19.4;18.8;19.7
BAS;20200602;20.2;19.5;20.7
BAS;20200603;20.6;20.0;20.9
BAS;20200604;19.7;19.7;19.6
BAS;20200605;18.2;18.7;17.9
BAS;20200606;17.6;18.0;17.5
BAS;20200607;17.5;17.6;17.5
BAS;20200608;17.9;17.8;18.1
BAS;20200609;17.6;17.8;17.4
BAS;20200610;17.3;17.4;17.4
BAS;20200611;18.3;17.8;18.7
BAS;20200612;19.9;18.9;20.5
BAS;20200613;20.0;19.6;20.1
BAS;20200614;19.4;19.2;19.5
BAS;20200615;19.7;19.3;19.9
BAS;20200616;19.6;19.4;19.8
BAS;20200617;18.8;19.0;18.6
BAS;20200618;18.6;18.5;18.7
BAS;20200619;19.0;18.8;19.1
BAS;20200620;19.5;19.1;19.8
BAS;20200621;20.4;19.8;20.8
BAS;20200622;21.4;20.6;21.9
BAS;20200623;21.9;21.1;22.4
BAS;20200624;22.5;21.7;22.9
BAS;20200625;22.9;22.1;23.3
BAS;20200626;22.7;22.3;22.8
BAS;20200627;22.8;22.2;23.3
BAS;20200628;23.2;22.7;23.5
BAS;20200629;22.6;22.3;22.7
BAS;20200630;22.5;22.1;22.8
BAS;20200701;23.3;22.5;23.8
BAS;20200702;23.2;22.8;23.3
BAS;20200703;22.2;22.2;22.3
BAS;20200704;22.0;21.7;22.3
BAS;20200705;22.6;22.1;22.9
BAS;20200706;22.4;22.2;22.5
BAS;20200707;21.8;21.6;22.0
BAS;20200708;22.1;21.7;22.3
BAS;20200709;22.9;22.2;23.5
BAS;20200710;23.4;22.7;23.9
BAS;20200711;23.5;22.9;23.8
BAS;20200712;23.0;22.6;23.2
BAS;20200713;23.0;22.5;23.3
BAS;20200714;23.2;22.6;23.5
BAS;20200715;22.4;22.4;22.1
BAS;20200716;20.8;21.3;20.3
BAS;20200717;20.5;20.6;20.6
BAS;20200718;21.2;20.8;21.5
BAS;20200719;21.9;21.3;22.4
BAS;20200720;22.9;22.0;23.5
BAS;20200721;23.4;22.6;23.8
BAS;20200722;23.5;22.8;24.0
BAS;20200723;23.9;23.1;24.4
BAS;20200724;23.4;23.1;23.5
BAS;20200725;23.7;22.9;24.2
BAS;20200726;24.1;23.4;24.5
BAS;20200727;24.7;23.7;25.3
BAS;20200728;24.8;24.1;25.1
BAS;20200729;24.8;24.0;25.3
BAS;20200730;25.1;24.2;25.7
BAS;20200731;26.0;24.8;26.8
BAS;20200801;26.2;25.3;26.7
BAS;20200802;24.5;24.7;24.3
BAS;20200803;22.6;23.2;22.2
BAS;20200804;21.0;21.7;20.7
BAS;20200805;21.2;21.2;21.3
BAS;20200806;22.4;21.9;22.7
BAS;20200807;23.6;22.9;24.1
BAS;20200808;24.5;23.7;25.0
BAS;20200809;25.1;24.4;25.6
BAS;20200810;25.4;24.7;25.8
BAS;20200811;25.6;25.0;26.0
BAS;20200812;25.3;24.9;25.6
BAS;20200813;25.0;24.6;25.1
BAS;20200814;24.1;24.1;24.1
BAS;20200815;24.2;23.8;24.5
BAS;20200816;24.2;23.9;24.4
BAS;20200817;23.6;23.6;23.6
BAS;20200818;23.2;23.2;23.2
BAS;20200819;22.8;22.8;22.9
BAS;20200820;24.2;23.4;24.7
BAS;20200821;25.1;24.3;25.5
BAS;20200822;24.4;24.3;24.3
BAS;20200823;23.1;23.2;23.0
BAS;20200824;22.6;22.7;22.7
BAS;20200825;22.0;22.2;22.0
BAS;20200826;22.3;22.2;22.3
BAS;20200827;21.6;21.7;21.6
BAS;20200828;20.9;21.4;20.6
BAS;20200829;19.5;20.3;19.1
BAS;20200830;18.0;19.1;17.6
BAS;20200831;18.1;18.5;18.1
BAS;20200901;18.8;18.9;18.8
BAS;20200902;19.3;19.2;19.5
BAS;20200903;19.5;19.5;19.6
BAS;20200904;20.1;19.8;20.5
BAS;20200905;20.9;20.6;21.2
BAS;20200906;20.1;20.4;19.9
BAS;20200907;19.6;19.7;19.6
BAS;20200908;19.6;19.6;19.7
BAS;20200909;19.9;19.7;20.1
BAS;20200910;20.1;19.9;20.3
BAS;20200911;20.5;20.2;20.8
BAS;20200912;20.8;20.5;21.1
BAS;20200913;20.8;20.6;21.1
BAS;20200914;21.0;20.7;21.3
BAS;20200915;21.3;20.9;21.7
BAS;20200916;21.5;21.1;21.8
BAS;20200917;21.2;21.1;21.4
BAS;20200918;21.3;21.1;21.5
BAS;20200919;20.6;20.7;20.5
BAS;20200920;20.3;20.3;20.4
BAS;20200921;20.2;20.2;20.2
BAS;20200922;20.0;20.0;20.1
BAS;20200923;19.8;19.9;19.8
BAS;20200924;19.5;19.7;19.5
BAS;20200925;17.6;18.8;16.9
BAS;20200926;15.0;16.7;14.1
BAS;20200927;14.1;15.4;13.6
BAS;20200928;14.4;15.1;14.1
BAS;20200929;14.5;15.1;14.2
BAS;20200930;15.0;15.2;15.1
BAS;20201001;15.0;15.4;14.8
BAS;20201002;14.8;15.2;14.7
BAS;20201003;14.3;14.9;14.1
BAS;20201004;14.0;14.6;13.8
BAS;20201005;13.6;14.3;13.3
BAS;20201006;13.6;14.0;13.4
BAS;20201007;13.6;14.0;13.4
BAS;20201008;14.0;14.2;14.1
BAS;20201009;14.7;14.8;14.9
BAS;20201010;14.6;14.9;14.4
BAS;20201011;13.5;14.2;13.1
BAS;20201012;12.6;13.4;12.2
BAS;20201013;12.4;13.0;12.2
BAS;20201014;12.4;12.8;12.2
BAS;20201015;11.9;12.6;11.6
BAS;20201016;11.9;12.4;11.7
BAS;20201017;11.9;12.3;11.7
BAS;20201018;11.9;12.3;11.8
BAS;20201019;11.7;12.2;11.6
BAS;20201020;11.5;12.0;11.4
BAS;20201021;12.0;12.2;12.1
BAS;20201022;12.5;12.6;12.6
BAS;20201023;13.1;13.2;13.2
BAS;20201024;13.4;13.4;13.5
BAS;20201025;12.9;13.2;12.9
BAS;20201026;12.3;12.9;11.9
BAS;20201027;11.5;12.2;11.3
BAS;20201028;11.6;12.0;11.5
BAS;20201029;12.0;12.2;11.9
BAS;20201030;12.4;12.5;12.5
BAS;20201031;11.9;12.4;11.8
BAS;20201101;11.7;12.1;11.6
BAS;20201102;12.8;12.6;13.2
BAS;20201103;13.2;13.2;13.1
BAS;20201104;12.2;12.7;11.9
BAS;20201105;11.6;12.2;11.4
BAS;20201106;11.5;12.0;11.4
BAS;20201107;11.0;11.6;10.8
BAS;20201108;10.8;11.3;10.6
BAS;20201109;11.0;11.3;11.0
BAS;20201110;10.7;11.2;10.6
BAS;20201111;10.9;11.2;10.9
BAS;20201112;10.6;11.1;10.5
BAS;20201113;10.5;10.9;10.4
BAS;20201114;10.6;10.9;10.6
BAS;20201115;10.4;10.8;10.4
BAS;20201116;10.8;11.0;10.7
BAS;20201117;10.3;10.8;10.1
BAS;20201118;9.4;10.2;9.2
BAS;20201119;9.0;9.7;8.7
BAS;20201120;8.8;9.5;8.4
BAS;20201121;7.9;8.9;7.5
BAS;20201122;6.9;8.0;6.4
BAS;20201123;6.8;7.6;6.4
BAS;20201124;6.4;7.3;6.0
BAS;20201125;6.1;6.9;5.7
BAS;20201126;5.9;6.7;5.5
BAS;20201127;5.7;6.5;5.3
BAS;20201128;5.4;6.2;5.0
BAS;20201129;5.5;6.2;5.1
BAS;20201130;5.2;6.0;4.8
BAS;20201201;4.4;5.5;3.9
BAS;20201202;4.6;5.3;4.2
BAS;20201203;4.7;5.4;4.3
BAS;20201204;4.7;5.3;4.3
BAS;20201205;4.7;5.3;4.3
BAS;20201206;4.9;5.4;4.7
BAS;20201207;5.1;5.6;4.9
BAS;20201208;4.9;5.4;4.6
BAS;20201209;4.7;5.3;4.4
BAS;20201210;4.3;5.1;3.9
BAS;20201211;3.7;4.6;3.2
BAS;20201212;4.3;4.7;4.1
BAS;20201213;5.3;5.4;5.3
BAS;20201214;5.2;5.5;5.0
BAS;20201215;5.3;5.6;5.2
BAS;20201216;5.9;6.0;6.0
BAS;20201217;5.9;6.2;5.8
BAS;20201218;6.2;6.4;6.2
BAS;20201219;6.0;6.4;5.7
BAS;20201220;6.0;6.3;5.8
BAS;20201221;6.0;6.3;5.9
BAS;20201222;7.2;6.9;7.5
BAS;20201223;8.0;7.8;8.2
BAS;20201224;7.9;8.1;7.8
BAS;20201225;6.8;7.4;6.4
BAS;20201226;5.6;6.5;5.1
BAS;20201227;4.2;5.3;3.5
BAS;20201228;4.6;5.2;4.4
BAS;20201229;4.6;5.2;4.4
BAS;20201230;4.5;5.1;4.2
BAS;20201231;4.2;4.9;3.8
BAS;20210101;4.3;4.8;4.0
BAS;20210102;4.2;4.8;3.9
BAS;20210103;3.9;4.6;3.6
BAS;20210104;3.8;4.4;3.4
BAS;20210105;3.5;4.2;3.1
BAS;20210106;3.3;4.0;2.9
BAS;20210107;3.4;3.9;3.1
BAS;20210108;3.3;3.9;2.9
BAS;20210109;2.5;3.4;2.1
BAS;20210110;2.1;2.9;1.6
BAS;20210111;1.7;2.6;1.3
BAS;20210112;1.4;2.3;1.1
BAS;20210113;1.9;2.3;1.8
BAS;20210114;3.0;3.1;2.9
BAS;20210115;2.6;3.1;2.3
BAS;20210116;2.4;3.0;2.1
BAS;20210117;2.3;2.8;2.0
BAS;20210118;2.2;2.7;2.0
BAS;20210119;2.1;2.6;1.8
BAS;20210120;2.1;2.6;1.9
BAS;20210121;2.9;2.9;3.1
BAS;20210122;4.5;4.1;4.8
BAS;20210123;4.4;4.5;4.3
BAS;20210124;3.9;4.3;3.6
BAS;20210125;3.4;3.9;3.1
BAS;20210126;3.0;3.5;2.7
BAS;20210127;2.7;3.3;2.3
BAS;20210128;3.2;3.2;3.3
BAS;20210129;5.4;4.8;5.8
BAS;20210130;5.6;5.4;5.7
BAS;20210131;5.7;5.6;5.7
BAS;20210201;6.0;5.9;6.1
BAS;20210202;6.6;6.3;6.9
BAS;20210203;7.3;7.0;7.6
BAS;20210204;7.0;7.0;7.0
BAS;20210205;7.1;7.0;7.3
BAS;20210206;7.3;7.3;7.3
BAS;20210207;6.9;7.1;6.7
BAS;20210208;5.9;6.5;5.6
BAS;20210209;4.9;5.7;4.5
BAS;20210210;4.3;5.0;3.9
BAS;20210211;3.9;4.6;3.5
BAS;20210212;3.1;4.0;2.6
BAS;20210213;2.6;3.5;2.1
BAS;20210214;2.1;3.0;1.6
BAS;20210215;1.9;2.7;1.4
BAS;20210216;2.7;2.9;2.7
BAS;20210217;4.1;3.9;4.4
BAS;20210218;4.2;4.3;4.2
BAS;20210219;5.4;5.0;5.8
BAS;20210220;6.1;5.8;6.4
BAS;20210221;6.6;6.3;6.9
BAS;20210222;6.6;6.5;6.8
BAS;20210223;7.1;6.8;7.4
BAS;20210224;7.8;7.4;8.2
BAS;20210225;8.2;7.8;8.6
BAS;20210226;8.2;8.0;8.4
BAS;20210227;8.4;8.2;8.5
BAS;20210228;7.5;7.7;7.4
BAS;20210301;7.0;7.2;6.9
BAS;20210302;7.1;7.1;7.2
BAS;20210303;7.2;7.3;7.2
BAS;20210304;7.7;7.6;7.9
BAS;20210305;7.6;7.8;7.5
BAS;20210306;7.0;7.3;7.0
BAS;20210307;6.9;7.1;6.8
BAS;20210308;7.0;7.1;7.0
BAS;20210309;6.5;6.9;6.4
BAS;20210310;7.0;7.0;7.1
BAS;20210311;7.8;7.6;7.9
BAS;20210312;8.0;7.9;8.1
BAS;20210313;7.7;7.9;7.5
BAS;20210314;6.7;7.3;6.3
BAS;20210315;6.5;6.9;6.3
BAS;20210316;6.5;6.8;6.3
BAS;20210317;6.6;6.8;6.5
BAS;20210318;6.6;6.9;6.5
BAS;20210319;6.2;6.6;6.0
BAS;20210320;5.8;6.3;5.6
BAS;20210321;5.4;6.0;5.1
BAS;20210322;5.5;5.9;5.3
BAS;20210323;6.2;6.1;6.5
BAS;20210324;7.3;7.0;7.7
BAS;20210325;8.1;7.8;8.5
BAS;20210326;9.0;8.5;9.4
BAS;20210327;9.5;9.2;9.8
BAS;20210328;9.4;9.1;9.6
BAS;20210329;10.1;9.6;10.5
BAS;20210330;10.8;10.2;11.2
BAS;20210331;11.6;10.9;12.2
BAS;20210401;12.5;11.7;13.1
BAS;20210402;12.9;12.3;13.2
BAS;20210403;11.6;11.8;11.4
BAS;20210404;10.8;10.9;10.8
BAS;20210405;10.3;10.7;10.1
BAS;20210406;9.2;9.8;8.8
BAS;20210407;8.3;9.0;7.8
BAS;20210408;8.6;8.7;8.7
BAS;20210409;9.4;9.3;9.6
BAS;20210410;10.6;10.2;11.0
BAS;20210411;11.5;11.0;11.9
BAS;20210412;10.5;10.8;10.3
BAS;20210413;9.5;10.0;9.2
BAS;20210414;9.2;9.5;9.1
BAS;20210415;9.1;9.4;9.0
BAS;20210416;9.0;9.2;9.1
BAS;20210417;9.3;9.4;9.4
BAS;20210418;9.8;9.8;9.9
BAS;20210419;9.5;9.7;9.5
BAS;20210420;10.5;10.1;11.0
BAS;20210421;11.5;11.0;12.0
BAS;20210422;12.2;11.7;12.6
BAS;20210423;12.5;12.0;12.9
BAS;20210424;13.1;12.5;13.6
BAS;20210425;13.7;13.1;14.2
BAS;20210426;13.8;13.4;14.1
BAS;20210427;13.8;13.4;14.1
BAS;20210428;14.1;13.6;14.4
BAS;20210429;14.1;13.8;14.3
BAS;20210430;12.9;13.3;12.5
BAS;20210501;11.6;12.2;11.4
BAS;20210502;11.7;11.8;11.8
BAS;20210503;12.5;12.2;12.9
BAS;20210504;12.6;12.6;12.6
BAS;20210505;12.8;12.7;12.9
BAS;20210506;12.2;12.5;12.1
BAS;20210507;12.0;12.1;12.0
BAS;20210508;13.0;12.5;13.4
BAS;20210509;14.9;13.9;15.8
BAS;20210510;15.6;15.0;15.8
BAS;20210511;14.6;14.5;14.6
BAS;20210512;14.3;14.2;14.4
BAS;20210513;14.2;14.2;14.3
BAS;20210514;14.2;14.1;14.3
BAS;20210515;13.9;14.0;13.7
BAS;20210516;13.7;13.7;13.7
BAS;20210517;13.7;13.8;13.8
BAS;20210518;14.1;13.9;14.3
BAS;20210519;14.7;14.4;14.8
BAS;20210520;14.9;14.6;15.1
BAS;20210521;14.5;14.7;14.3
BAS;20210522;14.0;14.0;14.2
BAS;20210523;15.1;14.7;15.4
BAS;20210524;15.2;15.0;15.3
BAS;20210525;14.7;14.8;14.7
BAS;20210526;14.6;14.6;14.5
BAS;20210527;15.1;14.8;15.5
BAS;20210528;16.2;15.5;16.7
BAS;20210529;17.5;16.6;18.0
BAS;20210530;17.8;17.1;18.3
BAS;20210531;18.1;17.4;18.6
BAS;20210601;18.9;18.0;19.4
BAS;20210602;19.5;18.6;20.0
BAS;20210603;20.4;19.3;21.1
BAS;20210604;20.7;19.8;21.3
BAS;20210605;20.2;19.8;20.3
BAS;20210606;19.5;19.2;19.6
BAS;20210607;19.2;18.9;19.3
BAS;20210608;19.6;18.9;20.0
BAS;20210609;20.5;19.6;21.0
BAS;20210610;21.0;20.1;21.5
BAS;20210611;21.6;20.7;22.2
BAS;20210612;22.0;21.1;22.4
BAS;20210613;22.4;21.5;23.0
BAS;20210614;22.3;21.6;22.8
BAS;20210615;22.9;22.0;23.4
BAS;20210616;23.5;22.5;24.0
BAS;20210617;24.1;23.1;24.7
BAS;20210618;24.7;23.6;25.2
BAS;20210619;24.8;23.8;25.3
BAS;20210620;24.3;23.8;24.3
BAS;20210621;23.4;23.1;23.6
BAS;20210622;22.8;22.6;22.8
BAS;20210623;23.0;22.5;23.2
BAS;20210624;22.4;22.3;22.4
BAS;20210625;22.0;21.8;22.0
BAS;20210626;22.4;21.9;22.7
BAS;20210627;22.9;22.4;23.3
BAS;20210628;23.3;22.7;23.6
BAS;20210629;21.8;22.1;21.5
BAS;20210630;20.9;21.2;20.6
BAS;20210701;20.5;20.6;20.4
BAS;20210702;21.2;20.8;21.6
BAS;20210703;21.5;21.3;21.6
BAS;20210704;21.3;21.1;21.3
BAS;20210705;21.1;20.9;21.3
BAS;20210706;21.0;21.0;21.0
BAS;20210707;20.8;20.6;21.0
BAS;20210708;21.0;20.9;21.0
BAS;20210709;21.1;20.8;21.4
BAS;20210710;21.8;21.3;22.0
BAS;20210711;22.0;21.6;22.2
BAS;20210712;21.9;21.7;22.0
BAS;20210713;20.4;21.0;20.0
BAS;20210714;19.9;20.1;19.8
BAS;20210715;19.2;19.6;19.0
BAS;20210716;20.0;19.8;20.1
BAS;20210717;20.5;20.2;20.7
BAS;20210718;21.7;20.9;22.2
BAS;20210719;22.5;21.7;23.0
BAS;20210720;23.0;22.3;23.4
BAS;20210721;23.1;22.5;23.5
BAS;20210722;23.4;22.8;23.8
BAS;20210723;23.8;23.1;24.2
BAS;20210724;23.5;23.2;23.5
BAS;20210725;22.6;22.6;22.4
BAS;20210726;22.2;22.1;22.2
BAS;20210727;22.4;22.1;22.6
BAS;20210728;22.5;22.3;22.6
BAS;20210729;22.6;22.3;22.9
BAS;20210730;22.7;22.4;22.8
BAS;20210731;22.4;22.3;22.5
BAS;20210801;21.1;21.6;20.8
BAS;20210802;20.4;20.7;20.3
BAS;20210803;20.0;20.4;19.8
BAS;20210804;19.7;19.9;19.6
BAS;20210805;19.8;19.9;19.8
BAS;20210806;20.2;20.1;20.4
BAS;20210807;20.1;20.3;20.0
BAS;20210808;19.7;19.8;19.7
BAS;20210809;20.0;19.8;20.1
BAS;20210810;20.8;20.3;21.2
BAS;20210811;21.9;21.1;22.4
BAS;20210812;22.9;22.0;23.5
BAS;20210813;23.6;22.7;24.1
BAS;20210814;24.2;23.2;24.8
BAS;20210815;24.3;23.6;24.7
BAS;20210816;23.1;23.1;23.0
BAS;20210817;21.9;22.1;21.8
BAS;20210818;21.4;21.5;21.3
BAS;20210819;21.6;21.4;21.7
BAS;20210820;22.2;21.8;22.6
BAS;20210821;22.4;22.0;22.8
BAS;20210822;22.1;22.1;22.0
BAS;20210823;21.0;21.2;20.9
BAS;20210824;20.8;20.9;20.8
BAS;20210825;20.5;20.6;20.6
BAS;20210826;20.1;20.3;20.0
BAS;20210827;20.0;20.0;20.0
BAS;20210828;19.4;19.7;19.2
BAS;20210829;19.0;19.3;18.8
BAS;20210830;18.9;19.1;18.9
BAS;20210831;19.1;19.1;19.2
BAS;20210901;19.3;19.2;19.4
BAS;20210902;19.4;19.3;19.6
BAS;20210903;19.9;19.6;20.1
BAS;20210904;20.4;20.0;20.7
BAS;20210905;20.7;20.3;21.0
BAS;20210906;20.9;20.5;21.2
BAS;20210907;20.6;20.4;20.8
BAS;20210908;20.6;20.4;20.9
BAS;20210909;20.9;20.7;21.1
BAS;20210910;20.7;20.5;20.8
BAS;20210911;20.4;20.4;20.5
BAS;20210912;20.2;20.1;20.3
BAS;20210913;20.4;20.1;20.6
BAS;20210914;20.4;20.2;20.5
BAS;20210915;20.4;20.3;20.4
BAS;20210916;20.3;20.2;20.5
BAS;20210917;20.5;20.2;20.6
BAS;20210918;19.6;19.8;19.5
BAS;20210919;18.3;19.1;17.7
BAS;20210920;18.0;18.4;17.8
BAS;20210921;18.3;18.5;18.3
BAS;20210922;17.6;18.1;17.4
BAS;20210923;17.2;17.7;17.1
BAS;20210924;17.6;17.7;17.6
BAS;20210925;17.8;17.8;18.0
BAS;20210926;18.5;18.3;18.6
BAS;20210927;18.8;18.6;18.9
BAS;20210928;18.6;18.6;18.5
BAS;20210929;17.7;18.1;17.5
BAS;20210930;16.8;17.3;16.5
BAS;20211001;16.2;16.7;16.0
BAS;20211002;17.0;17.0;17.1
BAS;20211003;16.9;17.1;16.7
BAS;20211004;16.1;16.6;15.8
BAS;20211005;15.9;16.3;15.7
BAS;20211006;15.4;16.0;15.1
BAS;20211007;15.1;15.6;14.9
BAS;20211008;14.9;15.4;14.8
BAS;20211009;14.7;15.1;14.5
BAS;20211010;14.1;14.7;13.8
BAS;20211011;13.4;14.1;13.1
BAS;20211012;13.4;14.0;13.2
BAS;20211013;13.5;14.0;13.3
BAS;20211014;12.7;13.4;12.4
BAS;20211015;12.2;12.9;12.0
BAS;20211016;12.1;12.7;11.9
BAS;20211017;12.6;12.9;12.6
BAS;20211018;12.9;13.2;13.0
BAS;20211019;13.0;13.3;12.9
BAS;20211020;13.0;13.3;13.0
BAS;20211021;13.7;13.8;13.7
BAS;20211022;13.0;13.5;12.8
BAS;20211023;11.6;12.5;11.1
BAS;20211024;10.8;11.7;10.4
BAS;20211025;11.0;11.5;10.9
BAS;20211026;11.6;11.9;11.6
BAS;20211027;11.4;11.9;11.2
BAS;20211028;11.1;11.7;10.9
BAS;20211029;10.7;11.4;10.5
BAS;20211030;10.2;11.0;9.9
BAS;20211031;11.3;11.3;11.5
BAS;20211101;11.7;12.0;11.6
BAS;20211102;10.7;11.4;10.4
BAS;20211103;10.0;10.8;9.7
BAS;20211104;9.5;10.4;9.2
BAS;20211105;9.6;10.2;9.4
BAS;20211106;9.6;10.2;9.4
BAS;20211107;9.0;9.7;8.8
BAS;20211108;9.5;9.9;9.4
BAS;20211109;8.7;9.5;8.3
BAS;20211110;7.9;8.9;7.4
BAS;20211111;7.6;8.4;7.3
BAS;20211112;7.9;8.5;7.6
BAS;20211113;7.9;8.5;7.7
BAS;20211114;8.6;8.8;8.6
BAS;20211115;8.9;9.3;8.8
BAS;20211116;8.7;9.2;8.5
BAS;20211117;8.4;9.0;8.1
BAS;20211118;8.3;8.9;8.2
BAS;20211119;7.5;8.3;7.1
BAS;20211120;7.7;8.2;7.5
BAS;20211121;6.8;7.7;6.3
BAS;20211122;6.9;7.5;6.6
BAS;20211123;6.9;7.5;6.6
BAS;20211124;6.5;7.2;6.0
BAS;20211125;5.4;6.5;4.8
BAS;20211126;5.3;6.1;4.9
BAS;20211127;5.4;6.2;5.0
BAS;20211128;4.9;5.8;4.4
BAS;20211129;4.9;5.6;4.5
BAS;20211130;4.5;5.4;4.0
BAS;20211201;5.3;5.6;5.3
BAS;20211202;5.6;6.1;5.3
BAS;20211203;4.8;5.6;4.4
BAS;20211204;5.2;5.6;5.1
BAS;20211205;5.4;5.8;5.1
BAS;20211206;5.0;5.7;4.6
BAS;20211207;5.1;5.6;5.0
BAS;20211208;5.2;5.7;4.9
BAS;20211209;5.1;5.6;4.8
BAS;20211210;4.3;5.1;3.7
BAS;20211211;4.2;4.8;3.9
BAS;20211212;4.0;4.7;3.6
BAS;20211213;4.3;4.7;4.1
BAS;20211214;4.0;4.6;3.6
BAS;20211215;4.1;4.6;3.8
BAS;20211216;4.6;4.9;4.4
BAS;20211217;4.4;4.9;4.1
BAS;20211218;4.4;4.9;4.2
BAS;20211219;4.4;4.9;4.2
BAS;20211220;4.2;4.7;3.9
BAS;20211221;3.4;4.3;2.9
BAS;20211222;3.0;3.8;2.6
BAS;20211223;2.4;3.3;1.9
BAS;20211224;3.1;3.5;2.9
BAS;20211225;4.1;4.2;4.1
BAS;20211226;5.0;5.0;5.1
BAS;20211227;5.3;5.4;5.3
BAS;20211228;5.9;5.8;6.0
BAS;20211229;6.5;6.4;6.7
BAS;20211230;7.9;7.3;8.4
BAS;20211231;7.9;7.8;8.0
BAS;20220101;7.0;7.3;6.8
BAS;20220102;6.3;6.8;6.1
BAS;20220103;6.9;6.9;7.1
BAS;20220104;7.7;7.5;8.0
BAS;20220105;7.0;7.5;6.6
BAS;20220106;5.7;6.5;5.3
BAS;20220107;4.7;5.6;4.2
BAS;20220108;4.5;5.2;4.2
BAS;20220109;4.8;5.3;4.6
BAS;20220110;4.9;5.3;4.7
BAS;20220111;4.2;5.0;3.7
BAS;20220112;3.5;4.4;3.0
BAS;20220113;2.6;3.6;1.9
BAS;20220114;2.1;3.0;1.6
BAS;20220115;1.8;2.6;1.3
BAS;20220116;1.8;2.5;1.4
BAS;20220117;2.3;2.6;2.1
BAS;20220118;2.5;3.0;2.3
BAS;20220119;2.5;3.0;2.2
BAS;20220120;2.9;3.2;2.7
BAS;20220121;2.8;3.3;2.6
BAS;20220122;2.9;3.3;2.7
BAS;20220123;2.6;3.2;2.3
BAS;20220124;2.3;2.9;2.0
BAS;20220125;2.2;2.7;1.9
BAS;20220126;1.8;2.5;1.4
BAS;20220127;2.0;2.4;1.7
BAS;20220128;2.6;2.8;2.6
BAS;20220129;2.9;3.1;2.8
BAS;20220130;4.1;3.9;4.2
BAS;20220131;3.9;4.2;3.8
BAS;20220201;3.7;4.1;3.5
BAS;20220202;4.5;4.4;4.7
BAS;20220203;5.3;5.1;5.5
BAS;20220204;5.4;5.4;5.4
BAS;20220205;5.4;5.5;5.3
BAS;20220206;4.5;5.0;4.3
BAS;20220207;5.0;5.1;4.9
BAS;20220208;4.3;4.7;4.1
BAS;20220209;4.2;4.5;4.1
BAS;20220210;4.3;4.5;4.3
BAS;20220211;5.4;5.2;5.5
BAS;20220212;4.3;4.9;4.0
BAS;20220213;4.1;4.5;4.0
BAS;20220214;4.1;4.5;3.9
BAS;20220215;4.4;4.6;4.4
BAS;20220216;4.6;4.8;4.7
BAS;20220217;6.7;6.0;7.2
BAS;20220218;7.3;6.9;7.7
BAS;20220219;7.2;7.2;7.2
BAS;20220220;6.5;6.7;6.4
BAS;20220221;6.5;6.7;6.4
BAS;20220222;6.4;6.5;6.4
BAS;20220223;7.2;7.0;7.5
BAS;20220224;7.0;7.1;7.0
BAS;20220225;6.7;7.0;6.5
BAS;20220226;6.4;6.6;6.3
BAS;20220227;5.7;6.2;5.5
BAS;20220228;5.4;5.8;5.3
BAS;20220301;5.2;5.6;5.1
BAS;20220302;5.2;5.5;5.1
BAS;20220303;5.8;5.8;6.0
BAS;20220304;5.8;6.0;5.7
BAS;20220305;5.4;5.7;5.2
BAS;20220306;5.0;5.4;4.8
BAS;20220307;4.8;5.2;4.7
BAS;20220308;4.8;5.1;4.6
BAS;20220309;5.1;5.2;5.2
BAS;20220310;5.8;5.7;5.9
BAS;20220311;6.1;6.0;6.1
BAS;20220312;7.0;6.7;7.3
BAS;20220313;7.6;7.2;7.9
BAS;20220314;8.7;8.1;9.1
BAS;20220315;8.4;8.4;8.4
BAS;20220316;8.3;8.2;8.4
BAS;20220317;8.9;8.5;9.1
BAS;20220318;9.4;9.1;9.6
BAS;20220319;9.4;9.2;9.6
BAS;20220320;9.5;9.3;9.7
BAS;20220321;9.7;9.5;9.9
BAS;20220322;9.7;9.5;9.9
BAS;20220323;9.8;9.6;10.0
BAS;20220324;10.1;9.8;10.3
BAS;20220325;10.3;10.1;10.6
BAS;20220326;10.5;10.3;10.8
BAS;20220327;10.9;10.5;11.2
BAS;20220328;11.2;10.9;11.6
BAS;20220329;11.4;11.2;11.6
BAS;20220330;11.6;11.4;11.8
BAS;20220331;11.2;11.2;11.2
BAS;20220401;9.2;10.1;8.7
BAS;20220402;7.6;8.6;7.1
BAS;20220403;7.2;7.9;6.9
BAS;20220404;7.3;7.7;7.2
BAS;20220405;8.2;8.2;8.3
BAS;20220406;9.4;9.1;9.8
BAS;20220407;9.8;9.7;9.9
BAS;20220408;9.8;9.7;9.9
BAS;20220409;9.7;9.8;9.7
BAS;20220410;9.9;9.8;10.1
BAS;20220411;10.4;10.2;10.7
BAS;20220412;11.5;10.9;12.0
BAS;20220413;13.2;12.2;13.8
BAS;20220414;14.1;13.1;14.7
BAS;20220415;14.9;14.0;15.5
BAS;20220416;14.9;14.3;15.1
BAS;20220417;14.1;13.9;14.3
BAS;20220418;14.0;13.7;14.2
BAS;20220419;14.1;13.7;14.3
BAS;20220420;14.3;13.9;14.6
BAS;20220421;14.3;13.9;14.6
BAS;20220422;14.4;14.0;14.6
BAS;20220423;14.1;14.0;14.2
BAS;20220424;13.5;13.6;13.4
BAS;20220425;13.3;13.2;13.4
BAS;20220426;13.6;13.4;13.8
BAS;20220427;14.0;13.7;14.3
BAS;20220428;14.7;14.1;15.1
BAS;20220429;14.9;14.5;15.1
BAS;20220430;15.3;14.8;15.6
BAS;20220501;15.3;14.9;15.6
BAS;20220502;15.7;15.2;16.0
BAS;20220503;16.3;15.7;16.7
BAS;20220504;16.2;15.9;16.4
BAS;20220505;15.6;15.7;15.5
BAS;20220506;14.7;14.9;14.7
BAS;20220507;15.3;14.9;15.7
BAS;20220508;16.0;15.6;16.2
BAS;20220509;16.8;16.0;17.4
BAS;20220510;18.1;17.1;18.7
BAS;20220511;19.1;18.1;19.8
BAS;20220512;19.6;18.7;20.1
BAS;20220513;19.5;18.9;19.7
BAS;20220514;19.5;18.8;20.0
BAS;20220515;20.0;19.2;20.6
BAS;20220516;20.7;19.8;21.2
BAS;20220517;20.9;20.0;21.4
BAS;20220518;21.4;20.4;22.0
BAS;20220519;21.8;20.9;22.4
BAS;20220520;22.3;21.3;22.8
BAS;20220521;22.4;21.5;22.9
BAS;20220522;21.9;21.4;22.2
BAS;20220523;21.2;21.0;21.2
BAS;20220524;20.4;20.3;20.4
BAS;20220525;20.5;20.0;20.8
BAS;20220526;20.8;20.3;21.1
BAS;20220527;20.3;20.1;20.3
BAS;20220528;20.0;19.8;20.1
BAS;20220529;19.4;19.4;19.4
BAS;20220530;19.4;19.2;19.5
BAS;20220531;19.3;19.2;19.3
BAS;20220601;18.7;18.8;18.6
BAS;20220602;18.9;18.7;19.1
BAS;20220603;19.7;19.2;19.9
BAS;20220604;21.0;19.9;21.7
BAS;20220605;21.5;20.9;21.8
BAS;20220606;21.1;20.6;21.3
BAS;20220607;20.9;20.6;21.0
BAS;20220608;19.9;20.0;19.8
BAS;20220609;19.5;19.5;19.4
BAS;20220610;19.8;19.4;20.1
BAS;20220611;20.9;20.2;21.4
BAS;20220612;21.9;21.0;22.5
BAS;20220613;22.7;21.8;23.1
BAS;20220614;22.3;21.7;22.5
BAS;20220615;22.9;22.0;23.5
BAS;20220616;23.9;22.8;24.4
BAS;20220617;23.7;22.9;24.2
BAS;20220618;24.1;23.2;24.6
BAS;20220619;25.1;23.8;25.9
BAS;20220620;25.4;24.3;26.0
BAS;20220621;24.9;24.1;25.2
BAS;20220622;24.0;23.7;23.9
BAS;20220623;23.5;23.1;23.8
BAS;20220624;22.6;22.7;22.4
BAS;20220625;22.5;22.1;22.8
BAS;20220626;23.5;22.9;23.7
BAS;20220627;22.7;22.7;22.6
BAS;20220628;22.1;22.1;22.1
BAS;20220629;22.7;22.2;23.1
BAS;20220630;23.2;22.8;23.4
BAS;20220701;22.2;22.3;22.2
BAS;20220702;22.3;22.0;22.6
BAS;20220703;23.4;22.7;23.9
BAS;20220704;24.0;23.4;24.3
BAS;20220705;24.2;23.6;24.6
BAS;20220706;24.0;23.5;24.1
BAS;20220707;23.0;23.1;22.9
BAS;20220708;22.7;22.5;22.9
BAS;20220709;22.9;22.6;23.0
BAS;20220710;23.1;22.8;23.3
BAS;20220711;22.9;22.6;23.2
BAS;20220712;23.4;22.9;23.8
BAS;20220713;23.8;23.2;24.2
BAS;20220714;24.6;23.8;25.1
BAS;20220715;24.6;24.0;25.0
BAS;20220716;24.3;23.8;24.5
BAS;20220717;24.2;23.7;24.5
BAS;20220718;24.7;23.9;25.2
BAS;20220719;25.4;24.4;26.1
BAS;20220720;24.7;24.5;24.5
BAS;20220721;24.1;23.6;24.4
BAS;20220722;25.0;24.3;25.4
BAS;20220723;25.5;24.9;25.7
BAS;20220724;25.7;25.0;26.1
BAS;20220725;25.8;25.3;26.1
BAS;20220726;25.2;25.0;25.3
BAS;20220727;24.9;24.6;25.1
BAS;20220728;24.6;24.4;24.8
BAS;20220729;24.1;24.1;24.0
BAS;20220730;23.4;23.3;23.5
BAS;20220731;23.9;23.5;24.3
BAS;20220801;24.5;23.9;24.8
BAS;20220802;24.8;24.1;25.3
BAS;20220803;25.3;24.5;25.9
BAS;20220804;26.2;25.1;26.9
BAS;20220805;26.5;25.5;26.9
BAS;20220806;24.7;24.8;24.3
BAS;20220807;23.6;23.6;23.6
BAS;20220808;24.1;23.6;24.4
BAS;20220809;24.5;23.9;24.8
BAS;20220810;24.7;24.1;25.0
BAS;20220811;24.8;24.2;25.2
BAS;20220812;25.0;24.4;25.4
BAS;20220813;24.9;24.3;25.2
BAS;20220814;24.2;24.0;24.1
BAS;20220815;22.9;23.2;22.6
BAS;20220816;23.4;23.0;23.7
BAS;20220817;23.2;23.4;22.9
BAS;20220818;22.0;22.3;22.0
BAS;20220819;21.9;22.1;21.7
BAS;20220820;21.8;21.8;21.9
BAS;20220821;22.4;22.1;22.6
BAS;20220822;22.9;22.6;23.2
BAS;20220823;23.2;22.9;23.4
BAS;20220824;23.2;22.9;23.3
BAS;20220825;23.4;23.0;23.7
BAS;20220826;23.4;23.2;23.5
BAS;20220827;23.4;23.2;23.6
BAS;20220828;23.2;23.1;23.4
BAS;20220829;23.4;23.1;23.6
BAS;20220830;23.3;23.2;23.5
BAS;20220831;22.8;22.9;22.8
BAS;20220901;22.1;22.3;22.1
BAS;20220902;21.3;21.7;21.0
BAS;20220903;20.6;20.9;20.4
BAS;20220904;21.2;21.0;21.4
BAS;20220905;21.5;21.4;21.6
BAS;20220906;21.6;21.5;21.6
BAS;20220907;21.4;21.4;21.5
BAS;20220908;21.2;21.3;21.2
BAS;20220909;20.7;21.0;20.5
BAS;20220910;19.9;20.3;19.6
BAS;20220911;20.1;20.1;20.2
BAS;20220912;20.1;20.1;20.2
BAS;20220913;20.5;20.3;20.6
BAS;20220914;21.0;20.8;21.1
BAS;20220915;20.4;20.5;20.2
BAS;20220916;19.7;20.0;19.4
BAS;20220917;18.3;19.1;17.8
BAS;20220918;17.5;18.2;17.2
BAS;20220919;17.7;18.0;17.5
BAS;20220920;17.1;17.6;16.8
BAS;20220921;16.7;17.2;16.5
BAS;20220922;16.3;16.8;16.2
BAS;20220923;16.3;16.6;16.3
BAS;20220924;16.5;16.8;16.3
BAS;20220925;16.2;16.5;16.0
BAS;20220926;16.2;16.5;16.0
BAS;20220927;14.9;15.9;14.4
BAS;20220928;14.1;15.0;13.7
BAS;20220929;14.1;14.6;13.9
BAS;20220930;14.3;14.7;14.2
BAS;20221001;13.8;14.5;13.5
BAS;20221002;14.6;14.7;14.7
BAS;20221003;15.4;15.3;15.5
BAS;20221004;15.3;15.4;15.4
BAS;20221005;15.8;15.7;16.0
BAS;20221006;15.6;15.8;15.6
BAS;20221007;16.1;16.0;16.4
BAS;20221008;16.1;16.2;16.1
BAS;20221009;15.4;15.7;15.4
BAS;20221010;15.9;15.8;16.1
BAS;20221011;16.3;16.2;16.4
BAS;20221012;16.2;16.2;16.3
BAS;20221013;15.6;15.9;15.5
BAS;20221014;15.6;15.8;15.7
BAS;20221015;16.0;16.0;16.1
BAS;20221016;16.4;16.2;16.6
BAS;20221017;16.6;16.5;16.8
BAS;20221018;16.9;16.7;17.1
BAS;20221019;16.8;16.7;16.9
BAS;20221020;16.3;16.5;16.3
BAS;20221021;16.2;16.4;16.2
BAS;20221022;16.4;16.3;16.5
BAS;20221023;16.2;16.3;16.2
BAS;20221024;15.9;16.2;15.9
BAS;20221025;15.7;15.9;15.7
BAS;20221026;16.2;16.1;16.4
BAS;20221027;16.0;16.1;16.1
BAS;20221028;16.1;16.1;16.2
BAS;20221029;16.0;16.1;16.1
BAS;20221030;15.9;16.0;15.9
BAS;20221031;15.3;15.6;15.2
BAS;20221101;15.2;15.4;15.1
BAS;20221102;14.6;15.0;14.4
BAS;20221103;13.5;14.3;13.1
BAS;20221104;13.1;13.8;12.8
BAS;20221105;12.7;13.4;12.3
BAS;20221106;11.5;12.5;11.1
BAS;20221107;11.7;12.3;11.6
BAS;20221108;11.4;12.1;11.2
BAS;20221109;11.7;12.1;11.6
BAS;20221110;11.9;12.3;11.8
BAS;20221111;11.1;11.8;10.8
BAS;20221112;10.6;11.3;10.3
BAS;20221113;10.5;11.2;10.3
BAS;20221114;10.0;10.8;9.7
BAS;20221115;10.4;10.8;10.2
BAS;20221116;10.7;11.0;10.6
BAS;20221117;10.7;11.1;10.6
BAS;20221118;10.4;11.0;10.2
BAS;20221119;10.1;10.7;9.8
BAS;20221120;9.8;10.4;9.5
BAS;20221121;9.5;10.2;9.3
BAS;20221122;9.3;10.0;9.1
BAS;20221123;8.9;9.6;8.6
BAS;20221124;8.8;9.4;8.6
BAS;20221125;8.5;9.2;8.3
BAS;20221126;8.2;8.9;7.9
BAS;20221127;8.0;8.7;7.8
BAS;20221128;8.0;8.6;7.8
BAS;20221129;8.4;8.8;8.3
BAS;20221130;8.7;9.0;8.6
BAS;20221201;8.2;8.9;7.9
BAS;20221202;7.7;8.5;7.4
BAS;20221203;7.2;8.0;6.8
BAS;20221204;6.8;7.6;6.4
BAS;20221205;6.8;7.4;6.5
BAS;20221206;6.4;7.2;6.1
BAS;20221207;6.4;7.1;6.1
BAS;20221208;5.7;6.6;5.2
BAS;20221209;5.3;6.2;4.8
BAS;20221210;5.0;5.9;4.6
BAS;20221211;4.7;5.6;4.2
BAS;20221212;4.3;5.2;3.6
BAS;20221213;3.9;4.8;3.3
BAS;20221214;3.7;4.6;3.2
BAS;20221215;3.7;4.4;3.3
BAS;20221216;3.6;4.3;3.2
BAS;20221217;3.5;4.3;3.2
BAS;20221218;3.3;4.1;2.8
BAS;20221219;3.3;3.9;3.0
BAS;20221220;3.8;4.1;3.6
BAS;20221221;4.8;4.8;4.9
BAS;20221222;5.9;5.7;6.2
BAS;20221223;7.4;6.9;8.0
BAS;20221224;8.2;7.9;8.4
BAS;20221225;8.1;8.1;8.2
BAS;20221226;7.8;8.0;7.8
BAS;20221227;7.6;7.9;7.5
BAS;20221228;6.8;7.3;6.6
BAS;20221229;7.2;7.3;7.2
BAS;20221230;7.4;7.6;7.4
BAS;20221231;8.5;8.2;8.8
BAS;20230101;8.4;8.5;8.5
BAS;20230102;8.4;8.5;8.4
BAS;20230103;8.4;8.6;8.3
BAS;20230104;7.5;8.0;7.3
BAS;20230105;8.2;8.2;8.4
BAS;20230106;8.2;8.4;8.2
BAS;20230107;8.3;8.5;8.3
BAS;20230108;7.6;8.1;7.4
BAS;20230109;7.4;7.9;7.2
BAS;20230110;6.9;7.4;6.6
BAS;20230111;7.0;7.3;6.9
BAS;20230112;7.0;7.3;6.9
BAS;20230113;7.4;7.5;7.4
BAS;20230114;7.2;7.5;7.1
BAS;20230115;7.7;7.8;7.6
BAS;20230116;-;-;-
BAS;20230117;5.3;6.2;4.8
BAS;20230118;4.8;5.7;4.4
BAS;20230119;4.2;5.1;3.7
BAS;20230120;3.7;4.6;3.1
BAS;20230121;2.9;3.9;2.3
BAS;20230122;2.8;3.6;2.4
BAS;20230123;2.9;3.6;2.5
BAS;20230124;3.3;3.7;3.0
BAS;20230125;3.7;4.1;3.5
BAS;20230126;3.7;4.2;3.3
BAS;20230127;3.3;3.9;2.9
BAS;20230128;3.1;3.7;2.8
BAS;20230129;3.2;3.7;2.9
BAS;20230130;2.8;3.5;2.4
BAS;20230131;3.2;3.6;3.0
BAS;20230201;3.7;3.9;3.6
BAS;20230202;4.2;4.4;4.1
BAS;20230203;4.5;4.7;4.5
BAS;20230204;5.2;5.2;5.3
BAS;20230205;5.1;5.4;4.9
BAS;20230206;5.0;5.3;4.9
BAS;20230207;4.4;5.0;4.1
BAS;20230208;3.5;4.3;3.0
BAS;20230209;2.9;3.6;2.5
BAS;20230210;2.7;3.3;2.3
BAS;20230211;2.7;3.2;2.4
BAS;20230212;2.8;3.2;2.6
BAS;20230213;3.4;3.6;3.4
BAS;20230214;3.7;3.9;3.7
BAS;20230215;4.1;4.2;4.1
BAS;20230216;4.5;4.5;4.6
BAS;20230217;5.6;5.4;5.9
BAS;20230218;6.8;6.3;7.3
BAS;20230219;7.4;7.1;7.6
BAS;20230220;7.5;7.2;7.7
BAS;20230221;7.2;7.2;7.4
BAS;20230222;7.0;7.1;7.0
BAS;20230223;7.9;7.6;8.3
BAS;20230224;8.6;8.2;9.0
BAS;20230225;8.4;8.5;8.3
BAS;20230226;6.7;7.4;6.3
BAS;20230227;5.3;6.2;4.8
BAS;20230228;4.7;5.5;4.3
BAS;20230301;4.2;5.0;3.8
BAS;20230302;4.5;4.9;4.4
BAS;20230303;5.2;5.3;5.3
BAS;20230304;5.6;5.8;5.6
BAS;20230305;5.6;5.8;5.6
BAS;20230306;5.2;5.7;4.9
BAS;20230307;5.3;5.5;5.2
BAS;20230308;5.6;5.8;5.7
BAS;20230309;7.5;6.9;8.0
BAS;20230310;7.9;7.8;8.1
BAS;20230311;7.1;7.4;7.0
BAS;20230312;7.5;7.4;7.6
BAS;20230313;8.7;8.2;9.2
BAS;20230314;9.3;9.1;9.3
BAS;20230315;8.3;8.5;8.2
BAS;20230316;7.8;8.1;7.8
BAS;20230317;8.4;8.3;8.6
BAS;20230318;9.3;9.0;9.7
BAS;20230319;9.9;9.6;10.1
BAS;20230320;10.0;9.8;10.3
BAS;20230321;10.3;10.0;10.5
BAS;20230322;11.0;10.5;11.3
BAS;20230323;11.5;11.1;11.7
BAS;20230324;11.4;11.2;11.4
BAS;20230325;10.2;10.5;10.1
BAS;20230326;10.2;10.3;10.2
BAS;20230327;9.8;10.0;9.7
BAS;20230328;9.7;9.8;9.8
BAS;20230329;10.5;10.3;10.7
BAS;20230330;11.3;11.0;11.6
BAS;20230331;11.5;11.3;11.6
BAS;20230401;10.7;11.0;10.6
BAS;20230402;10.7;10.8;10.8
BAS;20230403;10.6;10.9;10.5
BAS;20230404;9.8;10.1;9.8
BAS;20230405;9.8;10.0;9.8
BAS;20230406;9.8;9.9;9.8
BAS;20230407;9.8;10.1;9.7
BAS;20230408;9.8;9.9;9.9
BAS;20230409;10.7;10.4;11.0
BAS;20230410;11.1;10.9;11.3
BAS;20230411;11.6;11.4;11.7
BAS;20230412;11.3;11.4;11.3
BAS;20230413;10.6;10.9;10.5
BAS;20230414;10.8;10.8;11.0
BAS;20230415;11.2;11.2;11.2
BAS;20230416;11.0;11.2;11.0
BAS;20230417;11.1;11.1;11.2
BAS;20230418;11.5;11.4;11.7
BAS;20230419;11.8;11.7;11.9
BAS;20230420;11.4;11.6;11.3
BAS;20230421;10.9;11.1;10.9
BAS;20230422;11.4;11.3;11.5
BAS;20230423;12.6;12.0;13.1
BAS;20230424;13.0;12.7;13.2
BAS;20230425;12.5;12.5;12.5
BAS;20230426;12.6;12.5;12.9
BAS;20230427;14.0;13.3;14.5
BAS;20230428;14.6;14.1;15.0
BAS;20230429;15.5;14.7;16.1
BAS;20230430;15.7;15.2;16.0
BAS;20230501;15.3;15.0;15.4
BAS;20230502;15.5;15.1;15.9
BAS;20230503;16.1;15.5;16.5
BAS;20230504;16.6;15.9;17.1
BAS;20230505;17.5;16.8;17.8
BAS;20230506;17.8;17.0;18.3
BAS;20230507;17.9;17.4;18.1
BAS;20230508;17.6;17.3;17.8
BAS;20230509;17.6;17.2;17.8
BAS;20230510;17.2;17.1;17.2
BAS;20230511;16.8;16.7;16.8
BAS;20230512;17.0;16.6;17.2
BAS;20230513;17.1;16.9;17.2
BAS;20230514;16.9;16.7;17.1
BAS;20230515;17.1;16.8;17.3
BAS;20230516;16.3;16.6;16.0
BAS;20230517;15.5;15.6;15.5
BAS;20230518;15.5;15.6;15.5
BAS;20230519;15.9;15.7;16.1
BAS;20230520;16.1;15.9;16.3
BAS;20230521;17.3;16.5;18.0
BAS;20230522;18.9;17.9;19.6
BAS;20230523;19.4;18.6;19.9
BAS;20230524;18.7;18.5;18.6
BAS;20230525;18.2;17.8;18.5
BAS;20230526;19.4;18.5;20.0
BAS;20230527;20.1;19.2;20.7
BAS;20230528;20.5;19.6;21.0
BAS;20230529;20.5;19.8;20.9
BAS;20230530;20.5;19.8;20.9
BAS;20230531;20.7;20.0;21.2
BAS;20230601;21.0;20.2;21.5
BAS;20230602;21.5;20.6;22.0
BAS;20230603;21.4;20.7;21.9
BAS;20230604;21.7;20.9;22.3
BAS;20230605;21.5;20.9;21.9
BAS;20230606;21.6;21.0;22.0
BAS;20230607;21.6;21.0;22.1
BAS;20230608;21.8;21.1;22.3
BAS;20230609;22.0;21.3;22.5
BAS;20230610;22.6;21.7;23.2
BAS;20230611;22.9;22.0;23.4
BAS;20230612;22.6;21.9;23.0
BAS;20230613;22.4;21.8;22.7
BAS;20230614;22.0;21.6;22.3
BAS;20230615;22.4;21.7;22.8
BAS;20230616;22.7;21.9;23.2
BAS;20230617;22.7;22.0;23.2
BAS;20230618;22.8;22.1;23.2
BAS;20230619;23.1;22.3;23.6
BAS;20230620;23.7;22.6;24.3
BAS;20230621;23.3;22.7;23.5
BAS;20230622;22.6;22.5;22.6
BAS;20230623;22.2;21.9;22.5
BAS;20230624;22.9;22.3;23.3
BAS;20230625;23.4;22.7;23.9
BAS;20230626;23.7;23.1;24.0
BAS;20230627;23.3;22.9;23.4
BAS;20230628;22.8;22.5;23.0
BAS;20230629;23.0;22.6;23.4
BAS;20230630;22.6;22.5;22.4
BAS;20230701;21.7;21.7;21.7
BAS;20230702;21.6;21.5;21.8
BAS;20230703;21.8;21.6;22.0
BAS;20230704;22.3;21.8;22.6
BAS;20230705;22.3;22.0;22.3
BAS;20230706;22.2;21.8;22.5
BAS;20230707;22.8;22.2;23.2
BAS;20230708;23.0;22.5;23.1
BAS;20230709;23.9;23.0;24.5
BAS;20230710;24.8;23.9;25.2
BAS;20230711;25.5;24.5;26.1
BAS;20230712;25.3;24.8;25.4
BAS;20230713;24.5;24.1;24.6
BAS;20230714;23.8;23.6;23.9
BAS;20230715;24.2;23.7;24.5
BAS;20230716;23.9;23.7;23.9
BAS;20230717;23.6;23.3;23.8
BAS;20230718;23.5;23.1;23.6
BAS;20230719;23.7;23.3;23.9
BAS;20230720;23.5;23.2;23.7
BAS;20230721;22.8;22.9;22.6
BAS;20230722;22.4;22.3;22.5
BAS;20230723;22.4;22.2;22.5
BAS;20230724;22.2;22.2;22.0
BAS;20230725;21.2;21.6;20.9
BAS;20230726;20.1;20.6;19.8
BAS;20230727;20.3;20.4;20.4
BAS;20230728;21.0;20.8;21.1
BAS;20230729;21.3;21.0;21.4
BAS;20230730;21.3;21.1;21.4
BAS;20230731;21.1;21.0;21.2
BAS;20230801;20.9;21.0;20.7
BAS;20230802;20.6;20.6;20.6
BAS;20230803;20.3;20.5;20.1
BAS;20230804;20.0;20.2;19.9
BAS;20230805;20.0;20.0;20.0
BAS;20230806;19.0;19.6;18.6
BAS;20230807;18.3;18.8;18.0
BAS;20230808;18.8;18.9;18.8
BAS;20230809;19.5;19.4;19.6
BAS;20230810;20.4;19.9;20.9
BAS;20230811;21.7;20.9;22.2
BAS;20230812;22.5;21.7;22.9
BAS;20230813;23.1;22.3;23.5
BAS;20230814;23.5;22.7;24.0
BAS;20230815;24.0;23.2;24.4
BAS;20230816;24.0;23.3;24.5
BAS;20230817;24.3;23.6;24.7
BAS;20230818;24.2;23.6;24.6
BAS;20230819;24.4;23.7;24.8
BAS;20230820;25.0;24.1;25.6
BAS;20230821;25.6;24.6;26.3
BAS;20230822;26.0;24.9;26.6
BAS;20230823;26.0;25.1;26.5
BAS;20230824;25.4;25.0;25.6
BAS;20230825;23.9;24.1;23.8
BAS;20230826;22.7;23.1;22.4
BAS;20230827;21.3;21.8;21.1
BAS;20230828;20.3;20.9;19.9
BAS;20230829;19.1;19.8;18.7
BAS;20230830;19.1;19.4;19.0
BAS;20230831;19.4;19.6;19.4
BAS;20230901;20.3;20.0;20.6
BAS;20230902;21.2;20.8;21.6
BAS;20230903;21.8;21.4;22.1
BAS;20230904;22.1;21.7;22.4
BAS;20230905;22.4;22.0;22.6
BAS;20230906;22.3;22.1;22.6
BAS;20230907;22.5;22.2;22.8
BAS;20230908;22.9;22.5;23.3
BAS;20230909;23.2;22.7;23.5
BAS;20230910;23.2;22.8;23.5
BAS;20230911;23.2;22.8;23.5
BAS;20230912;23.2;22.8;23.4
BAS;20230913;22.3;22.5;22.1
BAS;20230914;21.8;21.8;21.8
BAS;20230915;21.7;21.7;21.7
BAS;20230916;21.5;21.5;21.6
BAS;20230917;21.8;21.6;22.0
BAS;20230918;21.5;21.6;21.4
BAS;20230919;20.9;21.0;20.9
BAS;20230920;20.7;20.7;20.7
BAS;20230921;20.8;20.8;20.8
BAS;20230922;20.0;20.3;19.7
BAS;20230923;18.9;19.4;18.6
BAS;20230924;18.2;18.7;17.9
BAS;20230925;17.8;18.2;17.7
BAS;20230926;17.9;18.1;17.9
BAS;20230927;18.1;18.2;18.2
BAS;20230928;18.6;18.5;18.8
BAS;20230929;18.9;18.8;19.0
BAS;20230930;19.1;19.0;19.2
BAS;20231001;18.7;18.7;18.7

