 

stn;time;prestad0;tre005d0;rka150d0
DEM;20170101;971.1;-6.4;0.0
DEM;20170102;970.6;-3.3;2.2
DEM;20170103;974.7;-6.6;0.0
DEM;20170104;969.8;-2.4;0.8
DEM;20170105;974.7;-3.9;1.2
DEM;20170106;982.9;-14.6;0.0
DEM;20170107;980.7;-11.4;1.7
DEM;20170108;977.6;-1.4;2.5
DEM;20170109;973.8;-1.8;0.0
DEM;20170110;960.4;-1.0;2.2
DEM;20170111;964.0;0.1;0.4
DEM;20170112;960.3;3.7;2.7
DEM;20170113;955.6;0.0;6.4
DEM;20170114;963.7;-1.5;1.5
DEM;20170115;969.0;-4.2;1.7
DEM;20170116;970.2;-5.4;0.3
DEM;20170117;974.2;-4.7;0.0
DEM;20170118;976.2;-4.4;0.0
DEM;20170119;977.2;-4.5;0.0
DEM;20170120;977.0;-11.8;0.0
DEM;20170121;975.0;-11.8;0.0
DEM;20170122;971.8;-10.2;0.0
DEM;20170123;971.2;-10.2;0.0
DEM;20170124;973.1;-8.2;0.0
DEM;20170125;972.9;-7.5;0.0
DEM;20170126;970.3;-12.7;0.0
DEM;20170127;967.7;-9.5;0.0
DEM;20170128;967.8;-6.0;0.0
DEM;20170129;970.6;-4.5;0.0
DEM;20170130;965.5;-0.5;2.7
DEM;20170131;964.2;2.3;12.9
DEM;20170201;964.3;3.2;2.1
DEM;20170202;959.8;2.8;0.1
DEM;20170203;956.8;6.5;1.6
DEM;20170204;952.8;3.6;3.1
DEM;20170205;952.1;0.4;9.7
DEM;20170206;963.0;2.9;6.1
DEM;20170207;964.8;2.6;4.6
DEM;20170208;967.1;3.1;1.1
DEM;20170209;968.4;0.1;0.0
DEM;20170210;966.1;0.1;1.0
DEM;20170211;965.6;4.1;0.0
DEM;20170212;969.2;4.6;0.0
DEM;20170213;971.2;-0.3;0.0
DEM;20170214;976.0;0.5;0.0
DEM;20170215;982.0;2.4;0.0
DEM;20170216;979.4;4.7;0.0
DEM;20170217;975.3;4.1;2.5
DEM;20170218;973.6;1.3;0.0
DEM;20170219;972.7;2.7;0.0
DEM;20170220;972.2;5.3;0.0
DEM;20170221;969.5;9.1;0.9
DEM;20170222;966.7;8.5;0.0
DEM;20170223;957.7;10.0;1.1
DEM;20170224;963.3;4.0;0.4
DEM;20170225;969.1;2.2;0.0
DEM;20170226;966.1;2.0;0.0
DEM;20170227;955.9;7.3;0.0
DEM;20170228;949.4;4.3;14.9
DEM;20170301;958.0;5.9;1.5
DEM;20170302;964.7;5.7;4.5
DEM;20170303;957.7;4.3;0.0
DEM;20170304;946.4;4.7;1.8
DEM;20170305;954.4;5.3;4.0
DEM;20170306;954.4;4.5;8.7
DEM;20170307;965.7;3.8;0.0
DEM;20170308;971.1;3.6;3.1
DEM;20170309;971.7;9.2;2.7
DEM;20170310;973.6;7.8;0.0
DEM;20170311;968.4;4.7;0.0
DEM;20170312;962.6;5.6;0.0
DEM;20170313;971.5;5.9;0.0
DEM;20170314;979.5;5.5;0.0
DEM;20170315;978.1;7.0;0.0
DEM;20170316;971.9;7.4;0.0
DEM;20170317;966.8;9.6;0.0
DEM;20170318;965.4;8.6;0.4
DEM;20170319;965.0;11.7;0.0
DEM;20170320;962.5;11.8;0.0
DEM;20170321;960.9;9.6;2.1
DEM;20170322;961.0;6.5;4.9
DEM;20170323;960.8;9.8;0.6
DEM;20170324;969.5;10.0;0.0
DEM;20170325;967.6;10.3;0.0
DEM;20170326;968.5;8.8;0.0
DEM;20170327;969.5;8.5;0.0
DEM;20170328;972.8;9.2;0.0
DEM;20170329;975.5;10.0;0.0
DEM;20170330;973.2;10.3;0.0
DEM;20170331;966.9;10.1;0.0
DEM;20170401;962.6;9.1;0.0
DEM;20170402;966.8;9.8;0.1
DEM;20170403;970.7;11.9;0.0
DEM;20170404;970.1;10.0;0.0
DEM;20170405;970.5;9.1;0.0
DEM;20170406;972.4;8.4;0.0
DEM;20170407;972.1;8.2;0.0
DEM;20170408;971.0;9.9;0.0
DEM;20170409;971.5;12.2;0.0
DEM;20170410;969.6;13.9;0.0
DEM;20170411;971.9;10.9;0.0
DEM;20170412;968.1;10.9;0.0
DEM;20170413;965.0;11.3;0.0
DEM;20170414;965.6;10.4;0.0
DEM;20170415;966.9;9.2;0.0
DEM;20170416;969.5;7.9;2.0
DEM;20170417;967.4;7.6;3.2
DEM;20170418;971.1;5.7;0.0
DEM;20170419;976.4;2.6;4.5
DEM;20170420;979.8;2.6;0.0
DEM;20170421;977.7;6.0;0.0
DEM;20170422;972.7;8.6;0.0
DEM;20170423;970.7;8.8;0.0
DEM;20170424;963.5;10.2;0.3
DEM;20170425;957.1;9.0;17.1
DEM;20170426;958.9;3.3;13.3
DEM;20170427;962.6;3.2;8.4
DEM;20170428;964.0;4.6;4.7
DEM;20170429;965.1;7.2;0.0
DEM;20170430;958.0;10.7;0.0
DEM;20170501;962.4;7.3;3.1
DEM;20170502;964.6;8.4;0.0
DEM;20170503;965.6;11.3;2.1
DEM;20170504;964.2;10.0;0.0
DEM;20170505;964.7;12.0;0.0
DEM;20170506;960.1;10.2;9.8
DEM;20170507;965.1;10.5;8.6
DEM;20170508;967.4;8.8;5.0
DEM;20170509;964.8;8.5;0.5
DEM;20170510;956.6;12.6;0.0
DEM;20170511;950.4;14.1;2.4
DEM;20170512;954.5;12.7;1.2
DEM;20170513;963.0;14.6;0.9
DEM;20170514;971.7;15.0;1.7
DEM;20170515;977.2;16.6;0.4
DEM;20170516;975.8;16.1;0.0
DEM;20170517;968.3;18.8;0.0
DEM;20170518;962.5;17.8;1.8
DEM;20170519;964.6;9.0;11.6
DEM;20170520;971.7;10.4;0.0
DEM;20170521;972.1;12.6;0.0
DEM;20170522;966.8;17.0;0.0
DEM;20170523;969.1;18.8;0.0
DEM;20170524;971.9;19.7;0.0
DEM;20170525;969.3;18.2;0.0
DEM;20170526;967.0;18.4;0.0
DEM;20170527;967.7;21.3;0.0
DEM;20170528;967.9;22.8;0.0
DEM;20170529;965.1;23.3;0.0
DEM;20170530;965.8;22.2;0.0
DEM;20170531;969.0;22.4;5.5
DEM;20170601;969.4;20.5;16.5
DEM;20170602;966.9;20.9;0.0
DEM;20170603;963.4;18.8;10.8
DEM;20170604;965.7;16.7;1.9
DEM;20170605;963.1;15.5;0.0
DEM;20170606;959.3;12.3;2.9
DEM;20170607;968.8;12.7;0.8
DEM;20170608;967.5;16.7;0.0
DEM;20170609;965.4;17.2;0.2
DEM;20170610;969.4;20.8;0.0
DEM;20170611;967.1;22.8;0.0
DEM;20170612;967.1;21.8;0.0
DEM;20170613;966.7;22.1;0.0
DEM;20170614;965.4;21.8;0.0
DEM;20170615;966.3;24.0;1.8
DEM;20170616;971.2;20.1;0.1
DEM;20170617;974.0;18.5;0.0
DEM;20170618;970.6;19.9;0.0
DEM;20170619;968.5;22.9;0.0
DEM;20170620;966.7;24.7;0.0
DEM;20170621;965.6;24.9;0.0
DEM;20170622;965.7;24.7;0.0
DEM;20170623;966.9;25.8;0.0
DEM;20170624;967.6;22.0;0.0
DEM;20170625;965.8;21.5;0.0
DEM;20170626;962.3;22.9;0.2
DEM;20170627;956.8;22.6;6.1
DEM;20170628;951.2;19.5;13.6
DEM;20170629;952.4;17.2;0.0
DEM;20170630;957.9;18.4;0.0
DEM;20170701;964.6;16.1;0.0
DEM;20170702;970.9;15.5;1.1
DEM;20170703;972.5;19.8;0.0
DEM;20170704;969.9;20.8;0.0
DEM;20170705;967.5;23.3;0.0
DEM;20170706;967.5;25.1;0.0
DEM;20170707;967.6;25.4;0.0
DEM;20170708;966.4;25.4;0.0
DEM;20170709;963.4;20.3;20.1
DEM;20170710;961.9;19.4;6.0
DEM;20170711;964.9;18.0;14.4
DEM;20170712;965.4;20.4;1.1
DEM;20170713;968.7;19.9;0.1
DEM;20170714;967.6;18.9;0.1
DEM;20170715;971.6;16.9;0.0
DEM;20170716;972.8;19.4;0.0
DEM;20170717;969.5;21.8;0.0
DEM;20170718;965.6;23.1;0.1
DEM;20170719;963.0;24.2;0.0
DEM;20170720;963.6;22.0;0.9
DEM;20170721;962.7;21.0;14.2
DEM;20170722;964.1;18.8;6.9
DEM;20170723;966.7;17.6;2.8
DEM;20170724;961.7;16.0;4.3
DEM;20170725;962.0;14.9;24.7
DEM;20170726;962.7;15.8;0.3
DEM;20170727;961.9;17.9;3.1
DEM;20170728;965.3;18.7;1.3
DEM;20170729;965.5;21.6;0.0
DEM;20170730;963.4;21.8;0.0
DEM;20170731;964.1;22.4;0.0
DEM;20170801;965.2;23.7;1.3
DEM;20170802;967.9;25.1;0.0
DEM;20170803;965.0;25.5;0.0
DEM;20170804;965.9;23.2;0.0
DEM;20170805;966.6;22.4;0.0
DEM;20170806;970.5;19.6;0.0
DEM;20170807;965.7;19.0;0.0
DEM;20170808;962.8;16.1;10.6
DEM;20170809;966.0;16.7;5.7
DEM;20170810;968.5;13.3;17.0
DEM;20170811;967.7;12.2;6.1
DEM;20170812;970.2;15.7;0.1
DEM;20170813;969.8;18.9;0.0
DEM;20170814;967.9;21.4;0.0
DEM;20170815;968.3;21.9;3.0
DEM;20170816;970.0;21.3;2.3
DEM;20170817;968.7;22.0;0.0
DEM;20170818;966.2;20.3;2.8
DEM;20170819;969.6;16.9;0.0
DEM;20170820;973.1;16.1;0.0
DEM;20170821;972.1;16.1;0.0
DEM;20170822;968.5;18.5;0.0
DEM;20170823;965.8;21.2;0.0
DEM;20170824;967.6;18.7;2.8
DEM;20170825;967.0;21.1;0.0
DEM;20170826;966.5;21.9;0.0
DEM;20170827;967.0;19.8;0.0
DEM;20170828;966.8;21.4;0.0
DEM;20170829;964.2;21.8;0.0
DEM;20170830;962.0;22.2;0.1
DEM;20170831;967.1;15.2;4.5
DEM;20170901;968.1;13.2;1.2
DEM;20170902;967.7;12.4;3.6
DEM;20170903;965.8;14.1;0.0
DEM;20170904;966.4;16.0;0.0
DEM;20170905;969.3;20.0;0.0
DEM;20170906;969.5;17.3;1.6
DEM;20170907;967.6;13.9;0.0
DEM;20170908;961.1;13.6;0.0
DEM;20170909;953.1;11.7;2.6
DEM;20170910;956.6;13.9;0.0
DEM;20170911;955.7;12.1;0.0
DEM;20170912;962.3;12.6;2.0
DEM;20170913;962.4;17.3;0.0
DEM;20170914;962.6;12.4;5.3
DEM;20170915;963.5;9.5;0.0
DEM;20170916;961.7;7.8;3.3
DEM;20170917;963.3;9.6;5.3
DEM;20170918;966.1;11.1;0.5
DEM;20170919;968.1;9.9;3.3
DEM;20170920;970.8;11.2;0.0
DEM;20170921;968.9;10.8;0.0
DEM;20170922;969.9;12.0;0.0
DEM;20170923;970.2;13.4;0.0
DEM;20170924;969.3;14.3;0.0
DEM;20170925;968.0;12.1;0.0
DEM;20170926;970.1;10.9;4.3
DEM;20170927;971.4;15.0;0.1
DEM;20170928;973.3;14.8;0.0
DEM;20170929;971.1;16.7;0.0
DEM;20170930;967.9;12.9;0.7
DEM;20171001;970.3;12.2;0.0
DEM;20171002;969.1;14.3;0.4
DEM;20171003;970.1;14.3;5.2
DEM;20171004;973.9;8.8;0.0
DEM;20171005;968.1;13.6;2.4
DEM;20171006;970.9;8.7;2.5
DEM;20171007;972.0;10.0;0.0
DEM;20171008;968.7;11.0;0.2
DEM;20171009;969.7;10.1;0.2
DEM;20171010;970.1;10.6;0.0
DEM;20171011;970.0;10.9;0.0
DEM;20171012;974.1;10.8;0.0
DEM;20171013;976.1;11.8;0.0
DEM;20171014;976.2;11.9;0.0
DEM;20171015;975.4;11.6;0.0
DEM;20171016;974.7;11.5;0.0
DEM;20171017;971.3;10.4;0.0
DEM;20171018;965.4;9.9;0.0
DEM;20171019;963.1;11.4;0.0
DEM;20171020;965.4;11.4;0.0
DEM;20171021;966.7;13.9;1.8
DEM;20171022;968.8;9.1;2.8
DEM;20171023;972.3;8.1;6.6
DEM;20171024;974.6;10.7;0.0
DEM;20171025;973.9;12.1;0.0
DEM;20171026;974.3;11.6;0.1
DEM;20171027;975.6;9.3;2.5
DEM;20171028;975.2;7.9;0.0
DEM;20171029;967.8;8.2;3.2
DEM;20171030;972.8;4.3;0.0
DEM;20171031;974.4;2.3;0.0
DEM;20171101;971.8;4.0;0.0
DEM;20171102;967.0;7.2;0.0
DEM;20171103;964.4;8.2;0.0
DEM;20171104;961.0;8.8;0.0
DEM;20171105;961.1;6.6;12.7
DEM;20171106;967.8;3.9;1.2
DEM;20171107;965.8;3.8;3.2
DEM;20171108;966.1;5.0;1.5
DEM;20171109;971.5;4.6;0.0
DEM;20171110;971.0;5.2;0.7
DEM;20171111;964.8;6.9;20.2
DEM;20171112;955.8;6.7;18.9
DEM;20171113;964.2;2.5;1.8
DEM;20171114;972.5;2.0;0.0
DEM;20171115;972.5;0.6;0.0
DEM;20171116;971.9;-1.2;0.0
DEM;20171117;972.9;2.6;0.0
DEM;20171118;971.6;3.8;0.0
DEM;20171119;969.9;2.1;2.8
DEM;20171120;971.1;2.3;0.0
DEM;20171121;967.3;4.9;0.0
DEM;20171122;962.6;1.9;0.0
DEM;20171123;961.8;7.7;0.0
DEM;20171124;963.4;8.7;1.6
DEM;20171125;963.3;4.7;14.5
DEM;20171126;974.3;0.7;2.7
DEM;20171127;972.8;3.0;0.0
DEM;20171128;959.4;3.6;3.1
DEM;20171129;955.4;1.4;0.3
DEM;20171130;956.1;0.8;0.5
DEM;20171201;960.4;-1.7;0.0
DEM;20171202;968.4;-0.5;0.0
DEM;20171203;974.0;-0.9;0.3
DEM;20171204;980.2;1.1;0.1
DEM;20171205;984.3;0.4;0.0
DEM;20171206;981.2;-0.7;0.0
DEM;20171207;971.5;-0.3;0.0
DEM;20171208;963.4;2.6;7.8
DEM;20171209;966.1;-6.1;2.6
DEM;20171210;945.9;0.8;9.0
DEM;20171211;935.1;6.3;11.0
DEM;20171212;959.4;0.2;0.3
DEM;20171213;960.3;0.0;1.5
DEM;20171214;951.0;3.9;25.9
DEM;20171215;949.1;2.7;0.7
DEM;20171216;960.3;1.5;0.0
DEM;20171217;972.6;-0.4;1.2
DEM;20171218;971.7;-0.1;2.0
DEM;20171219;980.2;1.5;0.0
DEM;20171220;981.6;2.0;0.8
DEM;20171221;984.2;3.6;1.7
DEM;20171222;983.1;4.8;2.8
DEM;20171223;983.7;5.0;0.0
DEM;20171224;978.9;3.1;0.0
DEM;20171225;969.3;-0.2;0.0
DEM;20171226;957.1;2.0;0.1
DEM;20171227;940.0;3.7;0.4
DEM;20171228;952.3;-0.4;0.3
DEM;20171229;959.1;0.8;1.2
DEM;20171230;960.2;7.5;2.9
DEM;20171231;961.8;8.9;0.0
DEM;20180101;959.3;5.9;4.4
DEM;20180102;964.9;4.6;3.1
DEM;20180103;957.2;7.7;6.2
DEM;20180104;954.5;8.2;17.5
DEM;20180105;953.5;9.0;7.3
DEM;20180106;955.7;6.2;2.1
DEM;20180107;962.4;5.5;0.0
DEM;20180108;964.2;4.1;0.0
DEM;20180109;961.1;2.1;0.0
DEM;20180110;960.8;1.7;0.0
DEM;20180111;963.5;3.9;0.7
DEM;20180112;970.6;3.2;0.0
DEM;20180113;969.0;1.2;0.0
DEM;20180114;968.3;-2.2;0.0
DEM;20180115;963.3;1.7;0.9
DEM;20180116;952.6;6.2;10.2
DEM;20180117;959.5;2.6;3.1
DEM;20180118;959.4;6.1;4.2
DEM;20180119;961.8;3.5;5.1
DEM;20180120;956.3;4.4;13.8
DEM;20180121;962.7;3.7;7.6
DEM;20180122;962.6;7.6;20.9
DEM;20180123;974.8;4.4;0.6
DEM;20180124;971.7;4.6;0.0
DEM;20180125;965.1;3.3;0.0
DEM;20180126;966.5;4.4;7.1
DEM;20180127;978.6;4.1;2.3
DEM;20180128;984.7;5.1;0.0
DEM;20180129;981.3;7.1;0.0
DEM;20180130;977.1;6.6;0.0
DEM;20180131;964.0;4.7;2.6
DEM;20180201;954.6;2.4;5.6
DEM;20180202;957.4;-0.3;0.8
DEM;20180203;956.3;-0.4;0.0
DEM;20180204;962.2;0.4;0.0
DEM;20180205;965.2;-0.3;0.4
DEM;20180206;958.6;0.2;0.0
DEM;20180207;960.1;0.4;0.7
DEM;20180208;965.7;0.4;0.2
DEM;20180209;963.4;1.5;0.1
DEM;20180210;965.4;0.1;0.2
DEM;20180211;958.9;1.2;3.2
DEM;20180212;964.5;-0.3;2.9
DEM;20180213;961.7;-3.1;0.0
DEM;20180214;963.2;-1.0;0.0
DEM;20180215;965.3;3.6;1.9
DEM;20180216;971.8;5.8;6.7
DEM;20180217;966.4;3.5;11.2
DEM;20180218;971.5;0.8;0.1
DEM;20180219;965.7;0.8;0.0
DEM;20180220;962.7;-0.2;0.0
DEM;20180221;963.6;-0.2;0.0
DEM;20180222;960.4;-1.8;0.0
DEM;20180223;960.3;-2.0;0.0
DEM;20180224;961.4;-1.2;0.0
DEM;20180225;965.3;-3.9;0.0
DEM;20180226;964.8;-6.8;0.0
DEM;20180227;961.6;-9.3;0.0
DEM;20180228;958.1;-6.7;0.0
DEM;20180301;948.4;-3.9;5.3
DEM;20180302;944.1;-5.5;2.9
DEM;20180303;945.8;-2.0;0.6
DEM;20180304;947.4;1.6;0.3
DEM;20180305;944.0;3.2;0.1
DEM;20180306;942.1;1.7;0.5
DEM;20180307;949.3;4.0;2.1
DEM;20180308;956.1;5.7;0.0
DEM;20180309;957.5;7.5;0.0
DEM;20180310;954.2;9.4;2.5
DEM;20180311;947.1;6.1;2.2
DEM;20180312;949.2;7.3;2.4
DEM;20180313;958.4;6.1;1.1
DEM;20180314;958.2;6.7;0.0
DEM;20180315;946.8;3.9;0.0
DEM;20180316;951.3;4.6;0.3
DEM;20180317;945.6;2.3;6.6
DEM;20180318;948.8;-0.8;0.7
DEM;20180319;954.8;0.3;0.2
DEM;20180320;963.4;-0.4;0.3
DEM;20180321;972.3;-0.4;0.2
DEM;20180322;967.9;-0.2;0.3
DEM;20180323;956.6;3.6;0.4
DEM;20180324;949.0;3.7;0.0
DEM;20180325;955.0;6.0;0.0
DEM;20180326;962.7;5.0;1.5
DEM;20180327;962.8;6.9;1.3
DEM;20180328;956.7;8.7;10.4
DEM;20180329;956.8;4.4;2.5
DEM;20180330;951.0;4.8;5.6
DEM;20180331;950.3;4.6;10.1
DEM;20180401;961.4;4.0;0.6
DEM;20180402;958.2;6.1;0.0
DEM;20180403;955.0;12.8;0.0
DEM;20180404;956.0;9.3;4.7
DEM;20180405;965.1;7.6;1.3
DEM;20180406;965.2;8.3;0.0
DEM;20180407;960.8;11.0;0.0
DEM;20180408;956.0;13.5;0.0
DEM;20180409;954.0;12.9;0.0
DEM;20180410;954.0;7.0;0.4
DEM;20180411;952.3;8.5;0.0
DEM;20180412;948.9;10.8;0.0
DEM;20180413;959.3;10.4;0.0
DEM;20180414;966.7;11.9;0.0
DEM;20180415;961.9;13.7;0.3
DEM;20180416;964.8;13.7;1.1
DEM;20180417;973.1;13.1;0.0
DEM;20180418;976.2;13.5;0.0
DEM;20180419;974.7;15.1;0.0
DEM;20180420;971.8;15.7;0.0
DEM;20180421;968.3;16.8;0.0
DEM;20180422;965.4;16.0;0.0
DEM;20180423;967.6;13.2;0.2
DEM;20180424;967.3;15.4;0.0
DEM;20180425;964.6;15.3;0.0
DEM;20180426;967.9;11.0;0.0
DEM;20180427;960.7;13.0;0.0
DEM;20180428;960.9;15.2;2.0
DEM;20180429;953.4;16.3;0.1
DEM;20180430;956.3;12.7;0.5
DEM;20180501;961.9;9.6;0.6
DEM;20180502;960.5;10.4;0.8
DEM;20180503;962.8;10.7;1.8
DEM;20180504;964.4;12.9;0.0
DEM;20180505;966.3;17.0;0.1
DEM;20180506;966.8;17.5;0.0
DEM;20180507;963.7;16.9;0.0
DEM;20180508;958.3;17.6;1.3
DEM;20180509;956.3;16.7;0.0
DEM;20180510;963.4;12.1;4.5
DEM;20180511;965.7;15.7;0.1
DEM;20180512;962.2;18.1;0.4
DEM;20180513;960.6;10.0;0.0
DEM;20180514;959.1;11.2;7.3
DEM;20180515;961.6;12.1;10.5
DEM;20180516;964.4;11.3;7.7
DEM;20180517;967.2;12.4;6.5
DEM;20180518;967.5;15.2;0.0
DEM;20180519;967.1;13.9;6.8
DEM;20180520;965.8;14.8;0.0
DEM;20180521;962.5;15.9;1.5
DEM;20180522;962.0;16.9;9.6
DEM;20180523;966.1;16.6;4.2
DEM;20180524;966.7;18.7;0.2
DEM;20180525;966.4;19.0;0.0
DEM;20180526;967.9;19.9;0.0
DEM;20180527;966.9;20.1;1.7
DEM;20180528;965.0;20.9;0.0
DEM;20180529;964.5;19.3;4.7
DEM;20180530;963.7;20.8;9.6
DEM;20180531;965.4;17.9;2.0
DEM;20180601;968.8;17.0;0.6
DEM;20180602;968.1;18.7;0.0
DEM;20180603;965.1;20.2;7.8
DEM;20180604;960.2;20.3;9.7
DEM;20180605;959.4;20.9;0.0
DEM;20180606;962.1;20.9;1.0
DEM;20180607;964.6;19.0;5.1
DEM;20180608;962.3;20.0;23.6
DEM;20180609;962.5;20.6;0.2
DEM;20180610;961.7;21.5;0.2
DEM;20180611;960.1;19.0;16.6
DEM;20180612;959.0;18.0;22.4
DEM;20180613;963.1;13.7;6.9
DEM;20180614;965.4;16.2;0.0
DEM;20180615;965.4;18.2;0.0
DEM;20180616;965.2;19.7;0.0
DEM;20180617;968.6;18.3;0.0
DEM;20180618;971.9;19.5;0.0
DEM;20180619;973.0;20.5;0.0
DEM;20180620;969.5;22.0;0.0
DEM;20180621;967.8;22.0;0.0
DEM;20180622;973.5;15.4;0.0
DEM;20180623;972.9;15.3;0.0
DEM;20180624;969.6;16.2;0.0
DEM;20180625;970.4;17.0;0.0
DEM;20180626;970.5;19.8;0.0
DEM;20180627;968.4;19.7;0.0
DEM;20180628;966.1;18.2;0.0
DEM;20180629;963.8;19.6;0.0
DEM;20180630;961.9;23.3;0.0
DEM;20180701;961.3;23.9;0.0
DEM;20180702;962.0;24.7;0.0
DEM;20180703;965.6;19.7;34.3
DEM;20180704;965.1;22.7;0.0
DEM;20180705;965.3;18.5;8.5
DEM;20180706;969.0;18.9;3.7
DEM;20180707;971.1;20.8;0.0
DEM;20180708;970.4;20.7;0.0
DEM;20180709;968.6;20.3;0.0
DEM;20180710;966.2;18.4;0.0
DEM;20180711;965.9;16.4;0.0
DEM;20180712;966.9;18.2;0.0
DEM;20180713;968.0;20.8;0.0
DEM;20180714;967.0;22.5;0.0
DEM;20180715;965.2;20.4;2.7
DEM;20180716;962.9;21.3;0.0
DEM;20180717;965.8;21.4;0.0
DEM;20180718;966.1;22.2;0.0
DEM;20180719;965.3;22.8;0.0
DEM;20180720;963.4;19.7;6.4
DEM;20180721;963.1;17.8;0.2
DEM;20180722;964.5;20.6;0.0
DEM;20180723;966.3;21.6;0.0
DEM;20180724;963.5;23.7;0.0
DEM;20180725;964.2;24.0;0.0
DEM;20180726;963.5;24.0;0.0
DEM;20180727;961.7;24.3;0.0
DEM;20180728;962.8;19.2;1.4
DEM;20180729;964.5;24.1;0.0
DEM;20180730;965.7;25.5;0.0
DEM;20180731;966.4;25.8;0.0
DEM;20180801;968.4;24.4;0.0
DEM;20180802;970.0;25.3;0.0
DEM;20180803;968.0;27.3;0.0
DEM;20180804;967.0;27.3;0.0
DEM;20180805;967.3;27.1;0.0
DEM;20180806;965.1;25.7;20.8
DEM;20180807;962.6;23.9;0.0
DEM;20180808;964.2;23.1;6.1
DEM;20180809;965.3;21.0;1.8
DEM;20180810;972.8;19.3;0.0
DEM;20180811;972.5;18.3;0.0
DEM;20180812;965.3;20.4;0.0
DEM;20180813;961.8;18.4;25.6
DEM;20180814;966.4;19.2;1.0
DEM;20180815;969.2;19.9;0.0
DEM;20180816;965.5;20.8;0.0
DEM;20180817;966.1;20.2;0.0
DEM;20180818;970.5;20.6;0.0
DEM;20180819;970.4;21.6;0.0
DEM;20180820;969.0;21.6;0.0
DEM;20180821;967.9;22.5;0.0
DEM;20180822;966.4;22.8;0.7
DEM;20180823;964.4;20.2;13.7
DEM;20180824;964.5;17.4;16.0
DEM;20180825;964.9;11.0;1.9
DEM;20180826;966.4;14.3;0.0
DEM;20180827;966.2;18.1;0.0
DEM;20180828;966.9;19.8;0.0
DEM;20180829;965.4;18.4;5.4
DEM;20180830;969.7;16.5;1.3
DEM;20180831;969.3;13.1;3.3
DEM;20180901;971.4;13.1;1.2
DEM;20180902;969.1;13.4;0.5
DEM;20180903;965.6;15.4;0.3
DEM;20180904;965.5;15.9;0.0
DEM;20180905;965.2;17.1;0.0
DEM;20180906;962.9;15.5;3.7
DEM;20180907;965.9;17.6;0.0
DEM;20180908;969.5;16.6;0.0
DEM;20180909;970.8;16.7;0.0
DEM;20180910;972.9;16.9;0.0
DEM;20180911;974.2;17.9;0.0
DEM;20180912;970.8;19.6;4.7
DEM;20180913;967.8;18.7;3.9
DEM;20180914;969.0;17.7;0.0
DEM;20180915;972.6;15.2;0.0
DEM;20180916;970.8;15.0;0.0
DEM;20180917;968.8;17.0;0.0
DEM;20180918;967.5;17.7;2.5
DEM;20180919;969.9;18.6;0.1
DEM;20180920;968.4;18.5;0.0
DEM;20180921;965.9;15.3;0.1
DEM;20180922;971.4;15.2;0.0
DEM;20180923;967.0;20.3;7.6
DEM;20180924;979.5;9.3;2.2
DEM;20180925;981.7;8.4;0.0
DEM;20180926;981.3;10.3;0.0
DEM;20180927;976.6;13.0;0.0
DEM;20180928;970.8;14.6;0.0
DEM;20180929;970.0;12.3;0.0
DEM;20180930;965.7;13.6;1.0
DEM;20181001;967.7;8.3;2.4
DEM;20181002;973.2;10.1;0.0
DEM;20181003;975.2;10.3;0.0
DEM;20181004;973.5;11.8;0.1
DEM;20181005;968.5;12.3;0.0
DEM;20181006;962.3;12.7;0.0
DEM;20181007;964.1;14.1;0.0
DEM;20181008;968.3;14.4;0.0
DEM;20181009;969.5;12.4;0.0
DEM;20181010;964.8;13.2;0.1
DEM;20181011;964.7;11.2;0.0
DEM;20181012;971.4;14.3;0.0
DEM;20181013;969.3;13.3;0.0
DEM;20181014;962.3;12.5;0.0
DEM;20181015;963.1;10.8;0.0
DEM;20181016;967.3;10.7;0.0
DEM;20181017;967.1;9.9;0.0
DEM;20181018;967.2;9.5;0.0
DEM;20181019;970.0;8.9;0.0
DEM;20181020;975.4;9.7;0.0
DEM;20181021;973.7;9.3;0.0
DEM;20181022;975.2;5.5;0.0
DEM;20181023;977.4;7.5;0.0
DEM;20181024;975.1;11.0;0.0
DEM;20181025;968.9;11.6;0.0
DEM;20181026;960.7;10.1;0.0
DEM;20181027;956.4;4.5;25.3
DEM;20181028;952.7;2.4;8.4
DEM;20181029;942.9;3.8;2.3
DEM;20181030;950.0;3.3;0.8
DEM;20181031;961.4;2.2;0.0
DEM;20181101;962.2;6.5;4.9
DEM;20181102;970.7;5.8;0.1
DEM;20181103;972.0;7.4;0.0
DEM;20181104;963.4;6.0;0.0
DEM;20181105;957.7;7.3;0.0
DEM;20181106;957.7;8.2;0.0
DEM;20181107;961.9;7.6;3.3
DEM;20181108;968.2;7.8;2.2
DEM;20181109;963.8;7.0;0.0
DEM;20181110;958.6;8.9;1.3
DEM;20181111;962.1;10.2;0.5
DEM;20181112;966.7;8.1;0.0
DEM;20181113;976.4;8.8;1.7
DEM;20181114;976.1;7.6;0.0
DEM;20181115;973.7;7.1;0.0
DEM;20181116;973.0;3.7;0.0
DEM;20181117;971.1;1.0;0.0
DEM;20181118;967.8;-0.8;0.0
DEM;20181119;956.8;-0.5;0.9
DEM;20181120;953.1;0.0;0.0
DEM;20181121;961.5;0.9;0.0
DEM;20181122;966.3;1.0;0.0
DEM;20181123;963.9;2.6;6.0
DEM;20181124;961.7;3.6;0.2
DEM;20181125;956.0;0.5;0.0
DEM;20181126;955.8;3.0;1.6
DEM;20181127;966.7;2.8;3.5
DEM;20181128;970.7;3.2;0.0
DEM;20181129;966.4;2.2;0.0
DEM;20181130;964.9;3.3;1.9
DEM;20181201;965.7;4.3;0.1
DEM;20181202;959.7;8.8;23.6
DEM;20181203;960.0;11.4;7.3
DEM;20181204;969.5;8.1;7.7
DEM;20181205;971.0;6.7;0.0
DEM;20181206;970.1;8.4;0.9
DEM;20181207;965.1;9.1;2.4
DEM;20181208;965.0;6.2;0.1
DEM;20181209;961.2;6.1;12.0
DEM;20181210;972.5;3.6;6.6
DEM;20181211;972.0;0.3;0.0
DEM;20181212;968.7;-2.6;0.0
DEM;20181213;961.4;0.3;0.0
DEM;20181214;965.5;-0.9;0.0
DEM;20181215;968.7;-1.5;0.3
DEM;20181216;962.2;0.6;5.4
DEM;20181217;971.7;1.0;0.6
DEM;20181218;971.0;-1.2;0.0
DEM;20181219;965.2;0.5;7.2
DEM;20181220;967.7;3.3;0.0
DEM;20181221;965.8;8.3;7.2
DEM;20181222;970.4;9.7;1.7
DEM;20181223;972.5;8.3;5.0
DEM;20181224;975.7;4.9;12.1
DEM;20181225;981.7;0.8;0.0
DEM;20181226;979.2;-2.7;0.0
DEM;20181227;975.0;-2.4;0.0
DEM;20181228;976.8;0.4;0.0
DEM;20181229;981.0;-0.3;0.0
DEM;20181230;982.6;2.2;0.0
DEM;20181231;981.7;4.6;0.0
DEM;20190101;979.7;3.6;0.0
DEM;20190102;981.5;1.6;0.6
DEM;20190103;983.9;-2.9;0.0
DEM;20190104;983.0;-1.7;0.0
DEM;20190105;980.5;0.6;0.5
DEM;20190106;980.2;2.2;0.2
DEM;20190107;980.4;1.6;0.1
DEM;20190108;971.0;2.2;2.0
DEM;20190109;965.2;0.1;7.5
DEM;20190110;970.1;-0.6;2.5
DEM;20190111;973.8;-0.8;1.4
DEM;20190112;972.9;0.5;2.6
DEM;20190113;963.1;4.1;2.3
DEM;20190114;964.4;3.4;4.4
DEM;20190115;971.1;-0.5;0.0
DEM;20190116;963.1;-2.4;0.0
DEM;20190117;959.9;4.0;0.7
DEM;20190118;965.6;-2.4;0.0
DEM;20190119;962.1;-5.4;0.0
DEM;20190120;961.7;-2.5;0.0
DEM;20190121;966.3;-0.5;0.0
DEM;20190122;957.0;-2.2;0.0
DEM;20190123;945.7;-0.8;0.0
DEM;20190124;956.9;-2.2;0.0
DEM;20190125;965.0;-2.8;0.0
DEM;20190126;961.7;0.8;0.2
DEM;20190127;945.9;4.0;6.0
DEM;20190128;952.1;0.5;1.0
DEM;20190129;953.2;-0.3;0.0
DEM;20190130;946.0;-0.1;0.1
DEM;20190131;944.0;1.8;0.7
DEM;20190201;938.6;4.6;7.0
DEM;20190202;945.8;2.8;0.3
DEM;20190203;964.8;-0.6;10.7
DEM;20190204;975.3;-4.3;0.0
DEM;20190205;975.8;-5.2;0.0
DEM;20190206;973.3;-6.4;0.0
DEM;20190207;967.1;-2.4;2.8
DEM;20190208;966.4;-0.3;0.0
DEM;20190209;963.8;6.3;0.1
DEM;20190210;956.0;7.1;13.3
DEM;20190211;970.5;1.8;3.6
DEM;20190212;982.3;-0.3;0.0
DEM;20190213;983.2;-0.5;0.0
DEM;20190214;982.7;0.2;0.0
DEM;20190215;979.3;0.3;0.0
DEM;20190216;976.8;0.9;0.0
DEM;20190217;973.2;1.6;0.0
DEM;20190218;969.7;1.7;0.0
DEM;20190219;970.1;2.6;0.0
DEM;20190220;972.8;2.5;0.0
DEM;20190221;977.2;3.2;0.0
DEM;20190222;981.0;4.4;0.0
DEM;20190223;980.5;5.4;0.0
DEM;20190224;981.8;2.3;0.0
DEM;20190225;981.9;3.3;0.0
DEM;20190226;980.3;2.6;0.0
DEM;20190227;974.9;4.0;0.0
DEM;20190228;970.6;7.1;0.0
DEM;20190301;967.3;6.5;12.6
DEM;20190302;968.1;6.6;0.3
DEM;20190303;964.0;8.4;0.0
DEM;20190304;955.9;9.6;0.3
DEM;20190305;961.8;6.3;0.0
DEM;20190306;954.7;5.6;0.0
DEM;20190307;955.0;7.9;1.8
DEM;20190308;966.5;6.5;0.1
DEM;20190309;970.1;8.8;1.3
DEM;20190310;966.2;10.0;3.3
DEM;20190311;973.3;1.9;2.1
DEM;20190312;968.4;5.7;1.5
DEM;20190313;964.6;5.1;1.3
DEM;20190314;963.1;4.6;9.8
DEM;20190315;965.3;8.6;5.8
DEM;20190316;964.6;9.3;0.0
DEM;20190317;959.9;3.8;2.7
DEM;20190318;969.2;2.5;1.2
DEM;20190319;974.8;2.0;0.0
DEM;20190320;979.4;2.4;0.0
DEM;20190321;978.2;3.8;0.0
DEM;20190322;976.9;5.9;0.0
DEM;20190323;975.4;6.9;0.0
DEM;20190324;972.1;7.1;0.0
DEM;20190325;972.0;5.6;0.5
DEM;20190326;976.4;5.0;1.3
DEM;20190327;977.6;2.6;0.0
DEM;20190328;977.8;6.5;0.0
DEM;20190329;975.4;6.9;0.0
DEM;20190330;971.6;7.4;0.0
DEM;20190331;967.1;7.6;0.0
DEM;20190401;964.3;7.8;0.0
DEM;20190402;958.8;10.7;0.0
DEM;20190403;952.5;4.5;15.7
DEM;20190404;950.2;0.5;13.6
DEM;20190405;952.8;2.7;0.0
DEM;20190406;952.1;5.6;0.0
DEM;20190407;955.5;7.1;0.0
DEM;20190408;959.4;7.3;0.2
DEM;20190409;958.4;7.1;0.0
DEM;20190410;958.9;8.1;2.4
DEM;20190411;963.9;6.3;0.0
DEM;20190412;966.1;5.6;0.0
DEM;20190413;966.6;3.0;0.0
DEM;20190414;967.8;2.6;0.7
DEM;20190415;967.2;6.5;0.0
DEM;20190416;966.7;8.3;0.6
DEM;20190417;968.5;11.9;0.0
DEM;20190418;969.4;11.3;0.0
DEM;20190419;973.8;12.4;0.0
DEM;20190420;972.5;12.6;0.0
DEM;20190421;965.6;11.4;0.0
DEM;20190422;954.2;13.0;0.0
DEM;20190423;947.6;13.3;0.0
DEM;20190424;953.2;10.8;2.9
DEM;20190425;957.9;11.7;0.0
DEM;20190426;965.2;8.7;11.3
DEM;20190427;967.8;7.2;4.2
DEM;20190428;969.3;6.7;2.0
DEM;20190429;970.2;7.8;0.0
DEM;20190430;968.1;7.5;0.0
DEM;20190501;964.1;11.1;0.0
DEM;20190502;961.0;8.8;8.9
DEM;20190503;960.9;8.1;3.4
DEM;20190504;958.7;4.2;8.1
DEM;20190505;965.6;4.2;0.1
DEM;20190506;968.9;3.1;0.0
DEM;20190507;964.9;8.4;0.0
DEM;20190508;955.1;9.1;8.9
DEM;20190509;954.1;10.8;1.3
DEM;20190510;960.8;11.9;7.4
DEM;20190511;964.1;10.5;4.5
DEM;20190512;976.5;9.2;1.9
DEM;20190513;978.0;8.0;0.0
DEM;20190514;973.3;9.7;0.0
DEM;20190515;968.2;8.0;0.0
DEM;20190516;961.5;7.5;0.0
DEM;20190517;955.4;10.3;7.9
DEM;20190518;954.7;13.5;13.6
DEM;20190519;954.4;12.8;8.4
DEM;20190520;957.1;11.5;25.2
DEM;20190521;963.6;12.5;7.7
DEM;20190522;967.7;14.5;0.0
DEM;20190523;966.5;14.0;0.0
DEM;20190524;963.7;16.2;0.0
DEM;20190525;964.9;15.1;7.4
DEM;20190526;965.2;15.6;0.0
DEM;20190527;960.4;15.2;8.8
DEM;20190528;960.3;10.8;6.2
DEM;20190529;969.3;10.6;6.5
DEM;20190530;974.5;14.0;0.0
DEM;20190531;973.8;15.8;0.0
DEM;20190601;970.4;18.2;0.0
DEM;20190602;966.5;20.3;0.0
DEM;20190603;965.0;19.6;0.1
DEM;20190604;959.7;21.8;0.0
DEM;20190605;956.1;22.5;0.0
DEM;20190606;963.8;11.0;4.3
DEM;20190607;962.5;15.8;0.0
DEM;20190608;972.1;16.6;0.1
DEM;20190609;969.5;12.3;5.4
DEM;20190610;963.8;14.5;45.0
DEM;20190611;960.7;14.1;0.1
DEM;20190612;961.1;16.3;2.8
DEM;20190613;964.0;17.9;0.0
DEM;20190614;963.3;16.1;1.0
DEM;20190615;966.0;17.2;17.0
DEM;20190616;970.4;17.2;3.3
DEM;20190617;967.1;18.5;0.0
DEM;20190618;964.1;20.8;0.0
DEM;20190619;961.2;21.7;0.0
DEM;20190620;964.5;18.0;17.4
DEM;20190621;966.6;19.8;6.1
DEM;20190622;965.9;18.3;0.0
DEM;20190623;966.3;21.1;0.0
DEM;20190624;967.2;22.4;0.0
DEM;20190625;969.1;24.4;0.0
DEM;20190626;971.7;26.4;0.0
DEM;20190627;971.6;25.8;0.0
DEM;20190628;969.8;24.4;0.0
DEM;20190629;966.8;24.4;0.0
DEM;20190630;966.7;27.6;0.0
DEM;20190701;966.9;28.2;0.0
DEM;20190702;968.1;23.6;0.0
DEM;20190703;968.2;21.8;0.0
DEM;20190704;968.8;21.9;0.0
DEM;20190705;966.9;22.8;0.0
DEM;20190706;963.0;19.1;5.2
DEM;20190707;962.6;21.8;11.9
DEM;20190708;965.5;18.8;0.0
DEM;20190709;966.3;17.8;0.0
DEM;20190710;967.0;17.1;0.0
DEM;20190711;964.7;15.6;0.0
DEM;20190712;963.6;19.4;1.0
DEM;20190713;966.7;18.3;0.0
DEM;20190714;964.7;17.0;4.4
DEM;20190715;965.3;16.0;2.7
DEM;20190716;965.9;18.8;0.0
DEM;20190717;963.4;18.9;0.0
DEM;20190718;963.4;19.4;0.0
DEM;20190719;965.2;21.3;0.0
DEM;20190720;965.0;21.4;0.2
DEM;20190721;970.9;22.8;1.3
DEM;20190722;972.4;22.4;0.0
DEM;20190723;968.6;24.4;0.0
DEM;20190724;966.1;25.7;0.0
DEM;20190725;964.4;25.8;0.0
DEM;20190726;960.4;26.0;8.2
DEM;20190727;954.3;20.4;9.8
DEM;20190728;955.9;15.6;43.0
DEM;20190729;961.5;18.5;0.0
DEM;20190730;964.7;19.5;4.4
DEM;20190731;968.0;17.5;0.0
DEM;20190801;966.6;19.1;0.0
DEM;20190802;965.0;19.2;0.0
DEM;20190803;965.9;19.4;0.0
DEM;20190804;965.1;20.2;0.0
DEM;20190805;963.4;23.1;0.4
DEM;20190806;962.4;20.7;6.3
DEM;20190807;961.1;17.6;9.6
DEM;20190808;963.4;20.6;0.0
DEM;20190809;961.3;23.6;0.7
DEM;20190810;967.3;20.3;5.5
DEM;20190811;966.1;18.7;5.0
DEM;20190812;967.2;16.0;2.6
DEM;20190813;969.2;14.9;0.0
DEM;20190814;968.3;15.5;0.0
DEM;20190815;966.7;15.7;0.0
DEM;20190816;967.3;18.1;0.0
DEM;20190817;963.5;17.9;0.0
DEM;20190818;961.1;22.4;6.3
DEM;20190819;967.8;17.3;14.9
DEM;20190820;972.9;14.3;21.0
DEM;20190821;974.6;15.9;0.0
DEM;20190822;973.2;16.1;0.0
DEM;20190823;972.1;17.4;0.0
DEM;20190824;969.2;18.8;0.0
DEM;20190825;968.5;20.1;0.0
DEM;20190826;967.7;19.2;0.0
DEM;20190827;966.9;20.1;0.0
DEM;20190828;966.7;22.2;0.0
DEM;20190829;969.5;20.1;32.6
DEM;20190830;970.5;21.5;0.0
DEM;20190831;964.8;21.7;0.0
DEM;20190901;965.1;19.5;0.0
DEM;20190902;970.9;15.7;0.0
DEM;20190903;973.0;14.5;0.0
DEM;20190904;967.5;15.2;0.0
DEM;20190905;969.7;12.1;0.5
DEM;20190906;970.9;12.8;0.0
DEM;20190907;968.2;14.4;0.0
DEM;20190908;966.6;11.5;2.5
DEM;20190909;965.2;11.3;0.0
DEM;20190910;965.7;12.7;0.0
DEM;20190911;973.7;12.1;0.0
DEM;20190912;979.7;14.3;0.0
DEM;20190913;979.9;15.8;0.0
DEM;20190914;977.1;16.4;0.0
DEM;20190915;973.0;18.2;0.0
DEM;20190916;969.2;17.6;0.0
DEM;20190917;968.4;16.7;0.0
DEM;20190918;970.4;12.4;0.0
DEM;20190919;972.9;9.9;0.0
DEM;20190920;972.3;10.4;0.0
DEM;20190921;966.6;13.7;0.0
DEM;20190922;961.2;17.5;13.0
DEM;20190923;966.7;13.3;8.1
DEM;20190924;962.6;12.1;3.3
DEM;20190925;961.1;14.4;1.2
DEM;20190926;964.4;15.1;0.7
DEM;20190927;964.5;15.5;1.3
DEM;20190928;967.9;12.8;0.0
DEM;20190929;961.1;15.9;0.0
DEM;20190930;964.5;13.4;0.5
DEM;20191001;958.8;13.4;6.2
DEM;20191002;961.0;11.4;5.2
DEM;20191003;967.3;10.0;0.0
DEM;20191004;961.6;8.7;1.2
DEM;20191005;963.8;11.9;4.9
DEM;20191006;963.4;11.5;7.8
DEM;20191007;967.2;9.8;0.0
DEM;20191008;963.9;13.5;0.1
DEM;20191009;964.1;10.5;7.5
DEM;20191010;968.9;8.9;1.0
DEM;20191011;968.6;8.8;0.0
DEM;20191012;966.0;12.5;0.0
DEM;20191013;964.8;14.6;0.0
DEM;20191014;963.0;12.8;0.0
DEM;20191015;960.0;9.8;8.6
DEM;20191016;964.7;9.6;0.0
DEM;20191017;964.3;12.9;1.7
DEM;20191018;962.5;12.5;17.3
DEM;20191019;959.0;12.0;13.5
DEM;20191020;957.7;13.2;0.2
DEM;20191021;968.0;12.7;14.6
DEM;20191022;970.4;11.9;0.0
DEM;20191023;962.5;11.3;0.0
DEM;20191024;962.7;12.8;0.1
DEM;20191025;971.2;10.3;0.0
DEM;20191026;970.1;9.8;0.0
DEM;20191027;969.6;11.9;1.2
DEM;20191028;967.6;9.4;1.3
DEM;20191029;967.9;7.7;2.9
DEM;20191030;969.8;7.4;2.2
DEM;20191031;967.2;8.6;0.5
DEM;20191101;959.9;10.8;3.1
DEM;20191102;948.5;13.5;3.4
DEM;20191103;940.9;10.2;5.1
DEM;20191104;945.6;9.3;9.1
DEM;20191105;948.5;6.3;4.2
DEM;20191106;954.2;6.6;1.6
DEM;20191107;952.6;5.2;0.0
DEM;20191108;954.4;3.3;0.7
DEM;20191109;959.1;1.9;0.0
DEM;20191110;960.1;1.0;0.0
DEM;20191111;959.3;3.0;0.4
DEM;20191112;955.9;2.8;0.1
DEM;20191113;954.0;1.6;0.3
DEM;20191114;948.8;0.8;0.0
DEM;20191115;948.6;2.0;1.1
DEM;20191116;957.4;1.1;0.0
DEM;20191117;955.0;0.3;7.3
DEM;20191118;960.1;2.0;3.9
DEM;20191119;965.2;1.1;0.0
DEM;20191120;961.9;1.6;0.0
DEM;20191121;957.7;3.2;0.0
DEM;20191122;953.6;4.2;0.0
DEM;20191123;946.2;1.5;0.0
DEM;20191124;955.8;2.3;0.0
DEM;20191125;958.9;6.0;0.0
DEM;20191126;956.4;5.3;0.0
DEM;20191127;949.3;9.0;1.3
DEM;20191128;952.7;7.9;5.2
DEM;20191129;961.4;5.7;12.7
DEM;20191130;968.3;2.6;0.0
DEM;20191201;963.5;2.7;0.4
DEM;20191202;971.6;0.7;0.1
DEM;20191203;973.6;-2.4;0.0
DEM;20191204;968.4;-4.8;0.0
DEM;20191205;970.6;-4.2;0.0
DEM;20191206;968.3;-1.4;0.0
DEM;20191207;967.8;5.9;0.0
DEM;20191208;962.9;5.7;0.3
DEM;20191209;959.5;5.1;4.0
DEM;20191210;973.4;0.0;0.8
DEM;20191211;961.7;-1.4;2.0
DEM;20191212;951.7;1.0;0.3
DEM;20191213;938.6;3.9;7.2
DEM;20191214;951.0;7.8;1.1
DEM;20191215;957.2;10.4;0.0
DEM;20191216;957.3;4.1;0.0
DEM;20191217;957.3;2.9;0.0
DEM;20191218;965.8;4.6;0.3
DEM;20191219;960.9;2.2;0.0
DEM;20191220;944.8;3.1;6.7
DEM;20191221;943.2;3.4;1.5
DEM;20191222;943.2;5.0;6.7
DEM;20191223;962.7;4.0;6.2
DEM;20191224;966.6;5.1;4.4
DEM;20191225;971.2;4.8;2.7
DEM;20191226;972.7;2.2;1.7
DEM;20191227;974.3;5.5;6.2
DEM;20191228;983.1;1.8;0.6
DEM;20191229;983.1;-3.4;0.0
DEM;20191230;980.9;-3.5;0.0
DEM;20191231;980.5;-3.2;0.0
DEM;20200101;979.1;-3.5;0.0
DEM;20200102;977.3;-2.4;0.0
DEM;20200103;975.5;2.1;0.0
DEM;20200104;980.6;3.2;1.0
DEM;20200105;982.0;-2.2;0.0
DEM;20200106;976.7;-2.4;0.0
DEM;20200107;977.7;0.7;0.0
DEM;20200108;977.8;2.3;0.0
DEM;20200109;969.7;4.3;0.0
DEM;20200110;972.1;6.8;0.7
DEM;20200111;979.6;1.8;0.0
DEM;20200112;976.6;0.4;0.0
DEM;20200113;970.2;-0.1;0.0
DEM;20200114;966.1;0.7;0.0
DEM;20200115;969.7;1.4;0.0
DEM;20200116;974.6;2.6;0.0
DEM;20200117;970.5;0.5;1.6
DEM;20200118;975.6;1.9;0.2
DEM;20200119;982.2;-1.5;0.1
DEM;20200120;987.6;0.9;0.0
DEM;20200121;985.3;-3.6;0.0
DEM;20200122;980.5;-2.5;0.0
DEM;20200123;975.8;-2.7;0.0
DEM;20200124;972.2;-2.2;0.0
DEM;20200125;969.4;0.6;0.0
DEM;20200126;967.6;1.7;0.1
DEM;20200127;961.8;4.8;0.3
DEM;20200128;955.1;4.7;6.6
DEM;20200129;963.4;2.7;6.2
DEM;20200130;964.7;4.3;1.1
DEM;20200131;965.3;11.3;0.0
DEM;20200201;963.4;8.1;0.8
DEM;20200202;966.1;11.4;2.2
DEM;20200203;966.9;13.2;0.3
DEM;20200204;967.4;3.4;13.1
DEM;20200205;980.4;1.6;0.0
DEM;20200206;978.1;-1.6;0.0
DEM;20200207;973.7;-2.1;0.0
DEM;20200208;972.8;-0.9;0.0
DEM;20200209;967.8;6.1;0.0
DEM;20200210;959.8;9.8;1.8
DEM;20200211;964.6;4.1;11.4
DEM;20200212;970.0;3.0;0.7
DEM;20200213;961.1;3.2;15.2
DEM;20200214;971.5;4.1;0.4
DEM;20200215;971.8;3.1;0.0
DEM;20200216;966.1;11.2;0.0
DEM;20200217;969.3;8.3;7.2
DEM;20200218;976.6;4.0;0.0
DEM;20200219;973.1;4.2;1.5
DEM;20200220;970.7;6.2;0.6
DEM;20200221;977.8;3.9;0.6
DEM;20200222;978.0;4.9;0.0
DEM;20200223;975.2;12.4;0.0
DEM;20200224;968.9;11.9;0.0
DEM;20200225;956.5;7.2;5.1
DEM;20200226;955.7;1.3;6.7
DEM;20200227;955.0;2.1;2.4
DEM;20200228;966.3;4.9;0.1
DEM;20200229;952.4;9.7;6.4
DEM;20200301;950.7;8.1;2.6
DEM;20200302;942.5;3.9;3.4
DEM;20200303;955.1;4.4;0.8
DEM;20200304;961.4;5.3;0.0
DEM;20200305;947.1;6.5;8.1
DEM;20200306;952.2;4.3;1.0
DEM;20200307;968.3;2.2;0.2
DEM;20200308;967.4;4.1;0.6
DEM;20200309;966.1;4.7;3.5
DEM;20200310;967.1;5.6;3.3
DEM;20200311;969.0;11.5;0.0
DEM;20200312;966.2;9.2;0.5
DEM;20200313;970.0;6.3;1.5
DEM;20200314;969.4;2.8;0.0
DEM;20200315;965.8;5.1;0.0
DEM;20200316;969.6;7.6;0.0
DEM;20200317;977.8;8.4;0.0
DEM;20200318;975.5;8.9;0.0
DEM;20200319;971.6;9.6;0.0
DEM;20200320;968.4;10.2;0.8
DEM;20200321;966.1;5.5;0.0
DEM;20200322;969.5;3.9;0.0
DEM;20200323;974.0;2.6;0.0
DEM;20200324;972.7;2.1;0.0
DEM;20200325;966.8;2.6;0.0
DEM;20200326;962.7;1.8;0.0
DEM;20200327;963.1;4.3;0.0
DEM;20200328;965.2;7.7;0.0
DEM;20200329;967.8;2.8;5.1
DEM;20200330;970.0;0.5;0.5
DEM;20200331;970.6;1.2;0.0
DEM;20200401;966.0;2.7;0.0
DEM;20200402;961.6;4.2;0.0
DEM;20200403;965.7;4.5;0.0
DEM;20200404;969.6;5.6;0.0
DEM;20200405;969.0;7.7;0.0
DEM;20200406;972.0;9.7;0.0
DEM;20200407;975.2;9.8;0.0
DEM;20200408;973.3;10.7;0.0
DEM;20200409;971.5;12.3;0.0
DEM;20200410;971.1;11.5;0.0
DEM;20200411;970.5;12.0;0.0
DEM;20200412;966.0;10.4;0.1
DEM;20200413;964.1;13.4;0.0
DEM;20200414;969.4;7.6;0.0
DEM;20200415;969.4;8.9;0.0
DEM;20200416;967.0;12.6;0.0
DEM;20200417;964.7;14.4;0.0
DEM;20200418;965.0;14.2;0.0
DEM;20200419;961.7;15.0;0.0
DEM;20200420;958.3;15.2;0.0
DEM;20200421;958.4;10.9;0.0
DEM;20200422;962.5;12.5;0.0
DEM;20200423;966.1;12.9;0.0
DEM;20200424;963.3;13.0;0.0
DEM;20200425;959.0;16.3;0.0
DEM;20200426;959.0;12.9;0.7
DEM;20200427;958.9;15.0;2.7
DEM;20200428;957.6;12.6;6.0
DEM;20200429;959.7;11.1;7.4
DEM;20200430;957.4;10.0;3.1
DEM;20200501;956.5;10.1;4.4
DEM;20200502;962.1;9.6;6.9
DEM;20200503;967.1;12.2;0.3
DEM;20200504;965.4;15.7;0.1
DEM;20200505;964.9;12.0;23.4
DEM;20200506;969.4;12.9;0.0
DEM;20200507;970.5;13.1;0.0
DEM;20200508;965.9;16.5;0.0
DEM;20200509;960.9;18.5;0.0
DEM;20200510;955.2;18.4;1.0
DEM;20200511;953.6;8.9;26.1
DEM;20200512;962.9;8.6;0.2
DEM;20200513;958.1;8.2;16.2
DEM;20200514;960.6;9.0;1.5
DEM;20200515;965.0;9.1;0.4
DEM;20200516;968.9;11.0;0.0
DEM;20200517;970.4;13.1;0.0
DEM;20200518;971.6;15.4;0.0
DEM;20200519;968.9;17.3;0.0
DEM;20200520;968.5;16.7;0.0
DEM;20200521;969.9;17.6;0.0
DEM;20200522;971.2;18.4;0.0
DEM;20200523;975.1;11.9;16.8
DEM;20200524;980.1;13.2;0.0
DEM;20200525;980.1;13.7;0.0
DEM;20200526;979.7;14.8;0.0
DEM;20200527;978.7;14.9;0.0
DEM;20200528;975.3;16.3;0.0
DEM;20200529;970.5;14.1;0.0
DEM;20200530;967.4;13.9;0.0
DEM;20200531;966.4;13.9;0.0
DEM;20200601;966.6;16.2;0.0
DEM;20200602;964.5;17.6;0.0
DEM;20200603;956.0;15.8;6.6
DEM;20200604;948.6;15.2;5.1
DEM;20200605;952.4;13.1;0.4
DEM;20200606;955.1;14.9;7.8
DEM;20200607;959.0;13.6;4.3
DEM;20200608;961.2;14.2;2.9
DEM;20200609;962.8;12.3;4.7
DEM;20200610;962.0;14.0;0.6
DEM;20200611;958.0;17.0;6.2
DEM;20200612;955.6;19.5;0.0
DEM;20200613;961.9;15.6;27.1
DEM;20200614;966.4;15.7;2.3
DEM;20200615;967.7;15.6;0.7
DEM;20200616;964.9;17.2;0.0
DEM;20200617;962.4;13.4;21.1
DEM;20200618;963.9;16.3;8.5
DEM;20200619;968.0;15.1;1.8
DEM;20200620;970.5;16.5;5.1
DEM;20200621;971.0;19.3;0.0
DEM;20200622;973.2;19.3;0.0
DEM;20200623;971.2;19.9;0.0
DEM;20200624;968.5;20.6;0.0
DEM;20200625;965.8;21.7;0.0
DEM;20200626;964.0;20.1;9.1
DEM;20200627;964.3;22.2;0.3
DEM;20200628;966.3;19.5;9.8
DEM;20200629;965.1;18.4;1.8
DEM;20200630;963.8;19.8;0.0
DEM;20200701;961.3;22.0;0.0
DEM;20200702;964.1;20.2;1.3
DEM;20200703;968.7;17.2;0.0
DEM;20200704;970.1;18.7;0.0
DEM;20200705;968.2;21.2;0.0
DEM;20200706;968.4;15.9;0.3
DEM;20200707;969.1;16.5;0.0
DEM;20200708;967.8;18.5;0.0
DEM;20200709;966.0;21.6;0.0
DEM;20200710;964.7;21.9;0.0
DEM;20200711;970.6;18.3;0.0
DEM;20200712;971.7;17.7;0.0
DEM;20200713;969.2;18.4;0.0
DEM;20200714;964.7;19.8;0.0
DEM;20200715;964.9;16.2;9.9
DEM;20200716;968.6;15.7;2.3
DEM;20200717;969.0;16.5;2.9
DEM;20200718;968.0;18.3;0.0
DEM;20200719;966.3;19.3;0.0
DEM;20200720;966.7;21.3;0.0
DEM;20200721;969.2;21.5;0.0
DEM;20200722;968.4;21.3;0.0
DEM;20200723;965.2;21.4;0.0
DEM;20200724;964.0;17.9;0.5
DEM;20200725;963.7;21.0;0.0
DEM;20200726;964.8;21.4;0.2
DEM;20200727;964.8;23.1;0.0
DEM;20200728;964.8;22.1;1.4
DEM;20200729;968.4;21.8;0.0
DEM;20200730;967.9;23.2;0.0
DEM;20200731;965.9;26.6;0.0
DEM;20200801;965.2;25.1;3.9
DEM;20200802;965.0;18.8;12.2
DEM;20200803;962.1;16.6;2.2
DEM;20200804;965.8;14.4;2.1
DEM;20200805;967.0;17.1;0.0
DEM;20200806;968.3;19.6;0.0
DEM;20200807;968.8;21.9;0.0
DEM;20200808;969.1;23.4;0.0
DEM;20200809;966.7;23.6;0.0
DEM;20200810;964.3;23.1;1.4
DEM;20200811;965.6;22.8;0.0
DEM;20200812;964.9;21.5;1.3
DEM;20200813;964.8;21.5;1.9
DEM;20200814;965.6;20.3;1.7
DEM;20200815;964.1;22.0;0.0
DEM;20200816;961.3;21.8;2.9
DEM;20200817;962.4;19.8;1.3
DEM;20200818;963.2;19.5;0.7
DEM;20200819;961.0;20.4;0.5
DEM;20200820;960.4;24.8;0.0
DEM;20200821;963.0;26.1;0.0
DEM;20200822;969.2;20.5;3.4
DEM;20200823;969.4;19.1;0.0
DEM;20200824;967.6;18.1;0.0
DEM;20200825;963.6;19.0;0.0
DEM;20200826;966.6;21.3;0.0
DEM;20200827;965.4;18.0;0.0
DEM;20200828;957.2;14.7;12.7
DEM;20200829;956.7;13.5;1.4
DEM;20200830;960.7;12.2;30.0
DEM;20200831;966.5;15.5;0.4
DEM;20200901;965.4;15.4;0.0
DEM;20200902;967.0;14.9;0.0
DEM;20200903;972.0;15.6;0.0
DEM;20200904;972.7;19.0;0.0
DEM;20200905;968.2;19.7;0.0
DEM;20200906;968.4;15.0;0.0
DEM;20200907;971.5;15.3;0.0
DEM;20200908;975.4;15.1;0.0
DEM;20200909;972.2;16.5;0.0
DEM;20200910;968.5;17.7;0.0
DEM;20200911;966.2;18.2;0.0
DEM;20200912;969.8;18.1;0.0
DEM;20200913;974.4;17.7;0.0
DEM;20200914;973.4;19.1;0.0
DEM;20200915;970.7;19.9;0.0
DEM;20200916;969.3;17.3;0.0
DEM;20200917;969.5;18.9;0.0
DEM;20200918;968.7;20.2;0.0
DEM;20200919;966.5;16.4;0.1
DEM;20200920;964.0;18.0;0.0
DEM;20200921;964.6;16.0;0.0
DEM;20200922;961.8;17.6;2.9
DEM;20200923;959.1;16.6;0.0
DEM;20200924;956.4;17.0;5.5
DEM;20200925;953.2;9.0;4.3
DEM;20200926;955.1;7.4;3.3
DEM;20200927;954.2;8.9;0.1
DEM;20200928;961.0;10.0;5.7
DEM;20200929;967.9;10.1;2.9
DEM;20200930;963.9;11.5;0.0
DEM;20201001;955.7;10.6;2.9
DEM;20201002;941.1;11.7;0.1
DEM;20201003;943.4;11.0;16.7
DEM;20201004;949.8;12.2;1.4
DEM;20201005;957.2;9.6;0.1
DEM;20201006;959.1;12.8;3.1
DEM;20201007;967.2;10.5;2.2
DEM;20201008;971.6;12.9;0.0
DEM;20201009;970.5;12.0;0.0
DEM;20201010;971.1;9.3;6.7
DEM;20201011;969.4;6.3;2.9
DEM;20201012;968.8;6.1;1.3
DEM;20201013;961.2;6.3;0.0
DEM;20201014;960.3;7.3;0.0
DEM;20201015;962.2;6.8;2.3
DEM;20201016;965.7;8.0;2.1
DEM;20201017;967.3;8.0;3.0
DEM;20201018;971.1;7.5;0.0
DEM;20201019;969.7;6.2;0.0
DEM;20201020;963.8;8.3;0.0
DEM;20201021;961.1;11.2;0.0
DEM;20201022;966.0;13.1;3.3
DEM;20201023;964.6;12.2;21.1
DEM;20201024;967.0;10.2;2.2
DEM;20201025;958.0;11.3;0.0
DEM;20201026;957.5;6.4;23.8
DEM;20201027;961.0;7.5;0.2
DEM;20201028;964.4;11.2;0.9
DEM;20201029;971.0;10.9;0.9
DEM;20201030;974.5;10.5;0.0
DEM;20201031;972.0;7.2;0.0
DEM;20201101;969.4;10.9;1.0
DEM;20201102;968.2;16.6;0.0
DEM;20201103;973.7;10.2;3.9
DEM;20201104;977.5;6.6;0.4
DEM;20201105;981.2;8.3;0.0
DEM;20201106;977.5;8.7;0.0
DEM;20201107;973.5;6.6;0.0
DEM;20201108;972.6;8.3;0.0
DEM;20201109;972.3;7.6;0.0
DEM;20201110;974.4;6.7;0.0
DEM;20201111;972.7;7.4;0.0
DEM;20201112;970.7;6.4;0.0
DEM;20201113;970.4;6.4;0.0
DEM;20201114;969.2;5.0;0.0
DEM;20201115;963.5;9.3;1.1
DEM;20201116;970.2;8.0;1.0
DEM;20201117;977.0;3.8;0.0
DEM;20201118;974.9;2.6;0.0
DEM;20201119;975.8;4.7;3.4
DEM;20201120;981.0;3.1;1.1
DEM;20201121;980.8;-0.7;0.0
DEM;20201122;977.0;0.2;0.0
DEM;20201123;976.8;0.3;0.0
DEM;20201124;972.1;-1.5;0.0
DEM;20201125;969.3;-0.9;0.0
DEM;20201126;970.4;-1.2;0.0
DEM;20201127;967.6;0.0;0.0
DEM;20201128;965.6;-0.7;0.0
DEM;20201129;969.0;0.9;0.0
DEM;20201130;972.5;-1.0;0.0
DEM;20201201;965.4;0.7;5.8
DEM;20201202;962.4;0.9;0.2
DEM;20201203;952.3;-0.1;0.0
DEM;20201204;939.1;2.5;12.7
DEM;20201205;946.8;0.3;0.6
DEM;20201206;948.2;0.9;6.7
DEM;20201207;949.3;0.8;0.8
DEM;20201208;950.5;0.5;0.1
DEM;20201209;958.2;-0.2;1.3
DEM;20201210;954.9;-2.2;0.0
DEM;20201211;947.4;0.4;0.4
DEM;20201212;949.9;4.6;1.8
DEM;20201213;961.5;3.5;1.7
DEM;20201214;962.0;0.3;0.0
DEM;20201215;962.9;4.5;4.5
DEM;20201216;966.5;6.0;1.1
DEM;20201217;971.7;4.3;0.4
DEM;20201218;971.8;4.9;0.0
DEM;20201219;968.3;3.1;0.0
DEM;20201220;970.1;4.8;0.1
DEM;20201221;970.6;5.4;3.1
DEM;20201222;970.5;10.8;0.8
DEM;20201223;965.1;9.6;3.1
DEM;20201224;962.4;5.6;0.7
DEM;20201225;968.5;0.8;2.3
DEM;20201226;972.4;-2.2;0.0
DEM;20201227;947.9;-0.8;1.6
DEM;20201228;931.4;2.7;3.4
DEM;20201229;942.6;2.5;2.0
DEM;20201230;954.1;0.4;1.6
DEM;20201231;953.8;0.7;3.3
DEM;20210101;956.2;0.6;1.7
DEM;20210102;957.7;0.5;0.0
DEM;20210103;958.5;-0.8;0.0
DEM;20210104;958.4;-0.9;0.0
DEM;20210105;959.1;-0.9;0.0
DEM;20210106;961.2;-0.7;0.2
DEM;20210107;962.9;-0.1;0.0
DEM;20210108;964.4;-2.1;0.0
DEM;20210109;966.6;-3.7;0.0
DEM;20210110;967.9;-2.0;0.0
DEM;20210111;969.6;-4.1;0.0
DEM;20210112;966.2;0.2;9.4
DEM;20210113;967.6;2.8;7.3
DEM;20210114;964.3;2.8;20.6
DEM;20210115;968.4;-1.2;5.4
DEM;20210116;972.7;-4.0;0.5
DEM;20210117;968.9;0.6;2.2
DEM;20210118;974.9;-0.3;0.4
DEM;20210119;967.7;-1.9;0.0
DEM;20210120;956.0;6.3;0.0
DEM;20210121;950.7;10.5;1.1
DEM;20210122;944.8;7.6;8.3
DEM;20210123;946.9;2.3;2.4
DEM;20210124;950.8;0.7;0.0
DEM;20210125;955.0;0.3;2.6
DEM;20210126;969.5;-1.5;0.0
DEM;20210127;965.5;-1.5;5.5
DEM;20210128;959.1;6.7;8.8
DEM;20210129;954.9;7.4;13.0
DEM;20210130;949.9;5.4;8.5
DEM;20210131;947.1;6.4;1.4
DEM;20210201;946.1;6.5;3.0
DEM;20210202;955.8;9.6;0.2
DEM;20210203;955.7;9.3;4.8
DEM;20210204;963.0;3.9;0.1
DEM;20210205;960.5;6.3;0.0
DEM;20210206;953.2;4.9;0.3
DEM;20210207;946.4;3.8;0.7
DEM;20210208;945.5;0.9;0.4
DEM;20210209;949.5;-0.2;3.3
DEM;20210210;953.8;-3.0;3.2
DEM;20210211;970.5;-7.5;0.0
DEM;20210212;971.5;-8.5;0.0
DEM;20210213;977.8;-7.6;0.0
DEM;20210214;981.7;-8.2;0.0
DEM;20210215;978.4;-1.5;0.2
DEM;20210216;969.7;5.3;0.2
DEM;20210217;970.2;5.7;0.5
DEM;20210218;964.8;5.0;0.0
DEM;20210219;967.1;7.4;0.0
DEM;20210220;966.6;4.8;0.0
DEM;20210221;966.0;4.4;0.0
DEM;20210222;971.6;2.3;0.0
DEM;20210223;982.3;5.3;0.0
DEM;20210224;981.3;6.0;0.0
DEM;20210225;978.3;6.1;0.0
DEM;20210226;978.7;6.4;0.0
DEM;20210227;979.9;6.1;0.0
DEM;20210228;978.4;3.2;0.0
DEM;20210301;977.2;2.2;0.0
DEM;20210302;978.5;4.2;0.0
DEM;20210303;977.5;3.6;0.0
DEM;20210304;969.5;6.6;2.7
DEM;20210305;970.4;3.4;0.1
DEM;20210306;974.1;2.8;0.0
DEM;20210307;969.7;2.9;0.6
DEM;20210308;966.6;3.7;0.0
DEM;20210309;966.2;1.1;0.0
DEM;20210310;967.4;4.4;0.0
DEM;20210311;960.5;9.6;7.3
DEM;20210312;963.7;8.0;0.1
DEM;20210313;958.6;6.5;10.2
DEM;20210314;963.7;2.8;8.9
DEM;20210315;965.2;3.3;6.6
DEM;20210316;972.3;3.0;2.0
DEM;20210317;970.3;2.6;4.3
DEM;20210318;969.3;1.2;0.3
DEM;20210319;966.2;0.7;2.4
DEM;20210320;972.4;0.1;0.0
DEM;20210321;970.0;0.4;0.0
DEM;20210322;970.6;2.2;0.0
DEM;20210323;972.9;3.3;0.0
DEM;20210324;972.2;5.6;0.0
DEM;20210325;970.7;6.1;0.0
DEM;20210326;968.4;8.0;3.5
DEM;20210327;975.0;6.4;1.7
DEM;20210328;979.0;6.1;0.0
DEM;20210329;980.5;8.4;0.0
DEM;20210330;978.2;9.9;0.0
DEM;20210331;972.5;11.4;0.0
DEM;20210401;968.4;12.3;0.0
DEM;20210402;967.0;9.7;0.0
DEM;20210403;969.6;5.1;0.0
DEM;20210404;968.5;5.0;0.0
DEM;20210405;961.9;4.7;1.9
DEM;20210406;963.6;0.3;0.8
DEM;20210407;969.9;0.2;0.7
DEM;20210408;971.9;3.3;0.0
DEM;20210409;965.7;7.5;0.0
DEM;20210410;962.4;12.2;0.0
DEM;20210411;960.6;10.4;7.9
DEM;20210412;973.9;2.6;4.7
DEM;20210413;976.5;1.5;2.3
DEM;20210414;973.8;2.0;0.0
DEM;20210415;972.0;3.0;0.0
DEM;20210416;969.5;2.5;0.0
DEM;20210417;968.1;4.8;0.0
DEM;20210418;967.8;5.2;0.0
DEM;20210419;967.2;5.7;0.0
DEM;20210420;964.5;7.9;0.0
DEM;20210421;964.7;7.9;0.0
DEM;20210422;968.9;9.1;0.0
DEM;20210423;972.1;8.8;0.0
DEM;20210424;969.6;11.0;0.0
DEM;20210425;967.3;11.7;0.0
DEM;20210426;961.0;10.0;0.0
DEM;20210427;954.8;10.4;0.0
DEM;20210428;953.5;12.8;0.5
DEM;20210429;957.2;10.9;2.0
DEM;20210430;960.6;6.5;11.9
DEM;20210501;960.4;6.3;18.9
DEM;20210502;966.7;7.9;2.1
DEM;20210503;969.1;8.3;0.0
DEM;20210504;959.8;11.3;0.0
DEM;20210505;960.6;8.3;5.3
DEM;20210506;958.6;7.4;9.0
DEM;20210507;964.7;8.1;4.0
DEM;20210508;964.8;12.8;0.0
DEM;20210509;957.6;18.8;0.0
DEM;20210510;958.5;12.5;15.7
DEM;20210511;959.5;10.9;14.0
DEM;20210512;961.5;11.9;0.0
DEM;20210513;958.7;10.2;1.1
DEM;20210514;959.7;9.9;4.6
DEM;20210515;958.4;8.1;3.6
DEM;20210516;956.3;10.2;16.1
DEM;20210517;960.9;10.3;8.0
DEM;20210518;965.2;12.0;5.0
DEM;20210519;968.6;10.6;6.0
DEM;20210520;970.0;12.5;3.8
DEM;20210521;962.5;9.3;14.8
DEM;20210522;961.5;13.6;0.9
DEM;20210523;966.6;12.9;2.2
DEM;20210524;963.0;11.5;0.6
DEM;20210525;969.4;11.5;0.7
DEM;20210526;966.3;12.7;0.0
DEM;20210527;969.3;11.2;4.6
DEM;20210528;969.3;13.6;0.0
DEM;20210529;970.1;14.6;0.0
DEM;20210530;970.0;13.9;0.0
DEM;20210531;967.1;14.5;0.0
DEM;20210601;963.9;16.8;0.0
DEM;20210602;966.1;16.8;0.2
DEM;20210603;970.1;20.5;0.0
DEM;20210604;970.6;19.4;7.2
DEM;20210605;971.5;15.9;8.7
DEM;20210606;970.7;16.0;0.0
DEM;20210607;969.9;15.3;5.0
DEM;20210608;970.0;17.7;9.0
DEM;20210609;970.4;19.6;0.2
DEM;20210610;969.8;19.8;0.0
DEM;20210611;968.8;20.2;0.0
DEM;20210612;970.9;20.6;0.0
DEM;20210613;972.9;20.3;0.0
DEM;20210614;969.0;20.0;0.0
DEM;20210615;967.5;21.8;0.0
DEM;20210616;964.0;23.3;0.0
DEM;20210617;963.3;24.6;0.0
DEM;20210618;964.4;24.4;1.2
DEM;20210619;963.4;24.8;0.0
DEM;20210620;960.0;20.3;9.8
DEM;20210621;959.3;19.3;19.6
DEM;20210622;962.9;17.8;54.8
DEM;20210623;966.4;18.7;8.5
DEM;20210624;967.9;16.7;2.4
DEM;20210625;969.2;16.6;0.0
DEM;20210626;966.5;19.1;0.0
DEM;20210627;964.3;20.6;8.4
DEM;20210628;964.8;20.2;9.4
DEM;20210629;963.5;17.2;18.7
DEM;20210630;965.4;14.0;3.2
DEM;20210701;967.2;15.9;0.8
DEM;20210702;967.8;18.4;0.0
DEM;20210703;965.8;17.0;12.7
DEM;20210704;962.9;17.3;7.4
DEM;20210705;962.0;18.0;1.0
DEM;20210706;961.9;16.0;9.6
DEM;20210707;966.5;18.9;1.5
DEM;20210708;969.6;16.6;10.5
DEM;20210709;971.2;18.4;0.0
DEM;20210710;966.8;18.6;29.7
DEM;20210711;966.2;18.8;0.7
DEM;20210712;960.2;19.0;13.3
DEM;20210713;961.4;14.5;18.9
DEM;20210714;962.9;15.9;15.2
DEM;20210715;964.1;15.7;15.9
DEM;20210716;968.5;17.3;20.8
DEM;20210717;970.7;18.9;0.6
DEM;20210718;968.8;21.5;0.0
DEM;20210719;967.2;20.9;0.0
DEM;20210720;967.9;20.3;0.0
DEM;20210721;969.9;20.2;0.0
DEM;20210722;968.9;21.1;0.0
DEM;20210723;963.9;21.9;0.0
DEM;20210724;960.7;19.3;21.7
DEM;20210725;961.0;18.2;15.7
DEM;20210726;963.6;19.1;2.8
DEM;20210727;964.3;19.5;0.2
DEM;20210728;965.2;18.5;4.5
DEM;20210729;964.9;19.6;0.0
DEM;20210730;962.1;18.8;21.0
DEM;20210731;962.0;18.2;3.5
DEM;20210801;962.5;14.9;8.4
DEM;20210802;965.7;16.1;5.2
DEM;20210803;965.1;14.2;8.2
DEM;20210804;963.2;14.1;5.8
DEM;20210805;960.9;16.5;2.6
DEM;20210806;959.1;18.1;0.5
DEM;20210807;958.2;14.8;15.0
DEM;20210808;965.2;16.0;0.0
DEM;20210809;969.0;16.2;0.0
DEM;20210810;968.4;19.2;0.0
DEM;20210811;969.0;21.5;0.0
DEM;20210812;969.2;23.1;0.0
DEM;20210813;972.1;23.2;0.0
DEM;20210814;969.8;24.3;0.0
DEM;20210815;964.9;22.3;0.0
DEM;20210816;966.5;18.0;1.5
DEM;20210817;969.8;16.5;0.0
DEM;20210818;968.6;17.5;0.0
DEM;20210819;966.3;18.8;0.0
DEM;20210820;966.7;19.3;0.0
DEM;20210821;967.4;21.2;1.3
DEM;20210822;969.5;17.9;2.4
DEM;20210823;970.7;17.4;0.0
DEM;20210824;969.7;17.4;0.0
DEM;20210825;967.4;16.1;0.0
DEM;20210826;964.6;15.7;0.3
DEM;20210827;965.7;14.9;0.0
DEM;20210828;967.2;14.5;0.6
DEM;20210829;967.0;13.7;1.0
DEM;20210830;967.2;14.7;0.0
DEM;20210831;970.7;15.0;0.1
DEM;20210901;972.6;15.3;0.0
DEM;20210902;971.3;15.9;0.0
DEM;20210903;968.2;17.5;0.0
DEM;20210904;966.0;17.4;0.0
DEM;20210905;968.6;18.1;0.0
DEM;20210906;971.4;17.9;0.0
DEM;20210907;970.7;16.7;0.0
DEM;20210908;965.1;18.3;0.0
DEM;20210909;964.8;15.9;0.2
DEM;20210910;966.5;17.3;2.0
DEM;20210911;968.6;16.2;0.0
DEM;20210912;967.3;16.1;0.0
DEM;20210913;966.1;17.3;0.0
DEM;20210914;965.0;18.5;0.0
DEM;20210915;964.4;17.6;5.9
DEM;20210916;965.9;18.0;7.9
DEM;20210917;964.9;16.0;0.0
DEM;20210918;963.9;14.6;0.0
DEM;20210919;964.1;12.1;16.3
DEM;20210920;968.0;13.7;0.8
DEM;20210921;974.8;13.5;0.0
DEM;20210922;974.7;11.4;0.0
DEM;20210923;970.7;12.7;0.0
DEM;20210924;968.5;14.9;0.0
DEM;20210925;966.7;17.2;1.8
DEM;20210926;967.7;16.9;5.9
DEM;20210927;969.1;16.6;0.1
DEM;20210928;970.8;14.5;0.1
DEM;20210929;972.4;12.3;0.3
DEM;20210930;975.7;9.8;0.0
DEM;20211001;969.1;11.5;0.0
DEM;20211002;962.3;16.6;0.0
DEM;20211003;958.8;15.6;8.9
DEM;20211004;966.8;11.0;7.3
DEM;20211005;962.4;12.6;2.3
DEM;20211006;970.8;10.0;8.6
DEM;20211007;973.9;10.4;0.1
DEM;20211008;972.7;11.0;0.0
DEM;20211009;972.6;8.7;0.0
DEM;20211010;973.7;7.1;0.0
DEM;20211011;974.2;7.8;0.0
DEM;20211012;970.3;9.6;0.5
DEM;20211013;973.1;7.0;4.3
DEM;20211014;974.2;4.8;0.0
DEM;20211015;968.6;6.1;0.0
DEM;20211016;968.9;7.2;0.0
DEM;20211017;969.5;8.0;0.0
DEM;20211018;973.1;8.7;0.0
DEM;20211019;973.2;9.9;0.0
DEM;20211020;963.5;13.5;0.0
DEM;20211021;962.1;13.4;2.1
DEM;20211022;970.4;6.6;0.1
DEM;20211023;975.0;2.5;0.0
DEM;20211024;973.1;4.1;0.0
DEM;20211025;970.5;8.1;0.0
DEM;20211026;973.3;8.4;0.3
DEM;20211027;973.3;6.5;0.0
DEM;20211028;968.4;5.3;0.0
DEM;20211029;962.3;4.7;0.0
DEM;20211030;957.6;7.1;0.4
DEM;20211031;956.4;15.6;0.0
DEM;20211101;954.8;8.1;13.9
DEM;20211102;952.9;5.4;0.1
DEM;20211103;950.2;5.4;1.7
DEM;20211104;959.0;4.9;0.7
DEM;20211105;971.3;6.1;0.2
DEM;20211106;976.4;2.7;0.0
DEM;20211107;971.6;5.0;0.0
DEM;20211108;970.4;4.0;0.0
DEM;20211109;972.3;0.7;0.0
DEM;20211110;972.1;-0.5;0.0
DEM;20211111;971.4;2.4;0.0
DEM;20211112;967.5;2.6;0.0
DEM;20211113;965.6;3.4;3.0
DEM;20211114;965.6;7.3;6.9
DEM;20211115;968.4;6.2;0.0
DEM;20211116;969.5;5.3;0.0
DEM;20211117;972.6;4.2;0.0
DEM;20211118;978.4;3.3;0.0
DEM;20211119;979.5;1.3;0.0
DEM;20211120;972.9;1.6;0.0
DEM;20211121;961.8;2.1;0.5
DEM;20211122;966.1;3.3;0.8
DEM;20211123;972.1;3.4;0.0
DEM;20211124;966.3;1.3;0.0
DEM;20211125;958.3;-0.1;0.8
DEM;20211126;950.2;1.3;0.2
DEM;20211127;942.4;0.7;0.0
DEM;20211128;946.6;-0.4;2.9
DEM;20211129;959.4;0.1;1.0
DEM;20211130;968.0;2.0;0.6
DEM;20211201;955.3;5.8;6.7
DEM;20211202;954.3;1.3;2.9
DEM;20211203;962.2;-0.5;1.2
DEM;20211204;952.4;4.9;16.8
DEM;20211205;954.5;0.5;1.5
DEM;20211206;962.1;-0.4;0.1
DEM;20211207;959.1;2.5;0.5
DEM;20211208;950.7;2.8;9.2
DEM;20211209;956.6;0.1;0.3
DEM;20211210;948.2;0.3;5.7
DEM;20211211;966.4;1.3;4.1
DEM;20211212;976.3;-1.4;0.0
DEM;20211213;976.4;-0.9;0.0
DEM;20211214;976.9;-0.3;0.0
DEM;20211215;979.6;1.0;0.0
DEM;20211216;982.9;2.4;0.0
DEM;20211217;983.1;1.3;0.0
DEM;20211218;981.4;-1.8;0.0
DEM;20211219;977.1;-1.3;0.0
DEM;20211220;972.0;-2.1;0.0
DEM;20211221;969.9;-3.9;0.0
DEM;20211222;970.9;-5.9;0.0
DEM;20211223;965.7;-2.5;0.0
DEM;20211224;958.6;2.1;0.5
DEM;20211225;954.6;4.2;12.6
DEM;20211226;955.4;4.9;9.6
DEM;20211227;953.2;3.8;2.0
DEM;20211228;952.8;8.5;2.4
DEM;20211229;962.3;8.1;12.9
DEM;20211230;971.8;10.9;0.4
DEM;20211231;974.0;5.0;0.0
DEM;20220101;975.6;1.6;0.0
DEM;20220102;971.2;4.2;0.0
DEM;20220103;967.0;9.9;0.0
DEM;20220104;952.0;11.1;3.7
DEM;20220105;960.3;0.7;2.6
DEM;20220106;967.8;-0.7;0.3
DEM;20220107;967.1;-1.3;0.8
DEM;20220108;960.3;3.0;2.3
DEM;20220109;954.9;1.8;9.5
DEM;20220110;967.7;0.2;0.1
DEM;20220111;977.5;-0.6;0.0
DEM;20220112;983.3;-4.8;0.0
DEM;20220113;985.4;-5.4;0.0
DEM;20220114;981.8;-4.0;0.0
DEM;20220115;974.5;-4.0;0.0
DEM;20220116;976.9;-1.6;0.0
DEM;20220117;982.9;0.5;0.0
DEM;20220118;981.6;-1.5;0.0
DEM;20220119;976.5;-1.6;0.0
DEM;20220120;976.2;0.4;0.6
DEM;20220121;980.4;-2.2;0.0
DEM;20220122;981.8;-2.8;0.0
DEM;20220123;980.4;-1.5;0.0
DEM;20220124;979.2;-3.7;0.0
DEM;20220125;980.0;-3.8;0.0
DEM;20220126;979.3;-3.8;0.0
DEM;20220127;978.5;-2.1;0.2
DEM;20220128;983.0;0.2;0.1
DEM;20220129;981.0;2.0;0.0
DEM;20220130;977.1;3.8;1.6
DEM;20220131;967.3;2.3;2.7
DEM;20220201;971.7;2.3;0.2
DEM;20220202;971.4;6.3;1.9
DEM;20220203;967.8;3.8;0.0
DEM;20220204;966.5;5.3;0.8
DEM;20220205;973.5;0.3;0.4
DEM;20220206;967.8;2.9;0.2
DEM;20220207;974.3;1.3;7.1
DEM;20220208;981.3;-1.1;0.0
DEM;20220209;977.1;-0.6;0.0
DEM;20220210;972.9;2.9;2.5
DEM;20220211;977.6;1.6;3.3
DEM;20220212;975.2;-2.6;0.0
DEM;20220213;966.2;1.6;0.0
DEM;20220214;957.9;6.3;3.0
DEM;20220215;964.9;2.6;1.2
DEM;20220216;961.7;7.5;0.5
DEM;20220217;964.2;10.2;2.4
DEM;20220218;961.4;8.7;1.7
DEM;20220219;968.8;4.8;0.3
DEM;20220220;968.4;7.8;0.0
DEM;20220221;962.6;4.8;5.8
DEM;20220222;973.0;6.0;0.4
DEM;20220223;973.7;5.4;0.9
DEM;20220224;967.6;4.6;1.1
DEM;20220225;975.2;2.5;0.5
DEM;20220226;978.1;2.2;0.0
DEM;20220227;975.1;0.0;0.0
DEM;20220228;976.4;-0.4;0.0
DEM;20220301;974.3;0.1;0.0
DEM;20220302;969.7;2.1;0.0
DEM;20220303;964.9;3.1;0.0
DEM;20220304;965.1;-0.2;0.0
DEM;20220305;965.8;-2.2;0.0
DEM;20220306;966.6;-1.9;0.0
DEM;20220307;967.6;-2.1;0.0
DEM;20220308;967.7;-1.2;0.0
DEM;20220309;971.1;0.7;0.0
DEM;20220310;970.4;1.2;0.0
DEM;20220311;965.5;3.9;0.0
DEM;20220312;966.0;6.3;0.0
DEM;20220313;964.1;7.9;0.2
DEM;20220314;974.9;7.4;0.0
DEM;20220315;972.9;6.7;3.6
DEM;20220316;970.5;7.9;0.1
DEM;20220317;974.3;8.4;0.0
DEM;20220318;980.4;8.0;0.0
DEM;20220319;977.9;7.0;0.0
DEM;20220320;975.6;6.7;0.0
DEM;20220321;978.3;5.2;0.0
DEM;20220322;978.4;5.0;0.0
DEM;20220323;977.6;5.0;0.0
DEM;20220324;975.4;5.6;0.0
DEM;20220325;973.9;6.3;0.0
DEM;20220326;973.9;6.4;0.0
DEM;20220327;975.0;6.7;0.0
DEM;20220328;970.7;7.5;0.0
DEM;20220329;959.5;9.1;0.0
DEM;20220330;950.9;9.1;11.9
DEM;20220331;945.6;6.8;2.5
DEM;20220401;949.9;0.9;3.8
DEM;20220402;958.5;-0.4;3.6
DEM;20220403;967.1;0.3;0.4
DEM;20220404;966.9;3.2;0.0
DEM;20220405;962.6;8.6;0.0
DEM;20220406;957.3;10.9;0.5
DEM;20220407;952.1;9.6;4.0
DEM;20220408;950.5;9.9;6.0
DEM;20220409;963.0;3.8;3.2
DEM;20220410;968.8;5.4;0.0
DEM;20220411;964.0;7.6;0.0
DEM;20220412;961.5;12.1;0.0
DEM;20220413;964.7;13.9;0.0
DEM;20220414;968.5;14.3;0.0
DEM;20220415;971.6;14.3;0.0
DEM;20220416;973.3;10.3;0.0
DEM;20220417;970.1;8.7;0.0
DEM;20220418;964.5;8.1;0.0
DEM;20220419;960.5;8.9;0.0
DEM;20220420;958.8;8.9;0.0
DEM;20220421;955.1;8.9;0.0
DEM;20220422;950.0;9.2;0.0
DEM;20220423;948.9;9.6;5.5
DEM;20220424;952.1;8.2;18.9
DEM;20220425;959.6;9.5;15.3
DEM;20220426;965.0;9.4;9.4
DEM;20220427;969.5;9.9;0.0
DEM;20220428;973.0;10.4;0.0
DEM;20220429;972.6;11.6;0.0
DEM;20220430;970.4;11.0;6.8
DEM;20220501;968.2;11.0;0.0
DEM;20220502;964.3;11.0;0.0
DEM;20220503;963.9;11.7;0.2
DEM;20220504;966.0;12.4;0.2
DEM;20220505;969.5;10.9;8.1
DEM;20220506;971.3;10.7;4.7
DEM;20220507;970.2;13.9;1.7
DEM;20220508;970.5;12.8;0.0
DEM;20220509;971.7;16.5;0.0
DEM;20220510;970.0;16.9;0.0
DEM;20220511;966.4;18.1;0.0
DEM;20220512;968.9;18.7;1.3
DEM;20220513;970.6;15.3;1.3
DEM;20220514;969.3;17.2;0.0
DEM;20220515;966.1;18.5;0.0
DEM;20220516;968.8;18.5;0.0
DEM;20220517;969.5;18.7;0.0
DEM;20220518;969.8;19.6;0.0
DEM;20220519;970.8;20.2;3.3
DEM;20220520;969.6;23.7;8.4
DEM;20220521;970.5;19.7;3.9
DEM;20220522;962.7;18.7;0.0
DEM;20220523;955.9;18.5;7.8
DEM;20220524;960.0;14.6;0.0
DEM;20220525;967.3;16.0;0.0
DEM;20220526;973.3;15.4;0.0
DEM;20220527;972.3;16.4;0.0
DEM;20220528;967.2;14.2;0.0
DEM;20220529;960.5;12.5;0.0
DEM;20220530;959.7;13.6;0.0
DEM;20220531;962.4;14.4;0.0
DEM;20220601;965.5;14.0;0.0
DEM;20220602;966.5;18.0;0.0
DEM;20220603;965.1;18.4;0.3
DEM;20220604;966.1;21.5;-
DEM;20220605;965.9;18.5;-
DEM;20220606;967.3;18.3;0.0
DEM;20220607;965.9;15.9;4.4
DEM;20220608;961.5;14.2;0.5
DEM;20220609;967.4;13.7;2.1
DEM;20220610;972.3;16.3;0.0
DEM;20220611;972.3;18.9;0.0
DEM;20220612;970.2;21.7;0.0
DEM;20220613;970.2;19.6;0.0
DEM;20220614;968.0;18.8;0.1
DEM;20220615;966.2;23.1;0.0
DEM;20220616;969.0;23.4;0.0
DEM;20220617;972.4;21.9;0.0
DEM;20220618;967.4;24.3;0.0
DEM;20220619;960.3;26.6;0.0
DEM;20220620;962.4;25.0;0.0
DEM;20220621;961.2;23.9;0.0
DEM;20220622;961.5;19.3;-
DEM;20220623;961.8;21.5;-
DEM;20220624;961.7;16.4;-
DEM;20220625;962.8;20.8;3.2
DEM;20220626;963.3;21.4;3.2
DEM;20220627;967.7;17.6;0.3
DEM;20220628;967.6;17.1;0.2
DEM;20220629;963.6;20.9;0.0
DEM;20220630;962.4;19.6;16.0
DEM;20220701;969.3;15.2;3.3
DEM;20220702;969.4;19.0;0.0
DEM;20220703;968.3;22.3;0.1
DEM;20220704;968.5;21.3;5.7
DEM;20220705;970.3;20.6;0.0
DEM;20220706;972.2;18.6;0.0
DEM;20220707;973.4;17.7;0.0
DEM;20220708;976.9;19.0;0.0
DEM;20220709;974.2;18.8;0.0
DEM;20220710;971.8;18.0;0.0
DEM;20220711;970.5;19.2;0.0
DEM;20220712;972.0;20.9;0.0
DEM;20220713;971.1;23.1;0.0
DEM;20220714;967.9;26.3;0.0
DEM;20220715;968.5;22.4;0.0
DEM;20220716;970.7;20.4;0.0
DEM;20220717;972.5;21.5;0.0
DEM;20220718;971.2;23.9;0.0
DEM;20220719;966.9;25.3;0.0
DEM;20220720;968.0;23.5;30.6
DEM;20220721;970.3;23.3;0.1
DEM;20220722;967.0;24.1;7.6
DEM;20220723;967.9;23.0;2.6
DEM;20220724;967.3;24.1;0.0
DEM;20220725;963.6;24.8;0.0
DEM;20220726;966.3;21.1;0.6
DEM;20220727;965.0;20.9;0.0
DEM;20220728;963.1;21.1;0.0
DEM;20220729;966.0;18.6;0.4
DEM;20220730;968.9;20.0;0.0
DEM;20220731;968.2;21.7;0.0
DEM;20220801;967.3;22.1;0.1
DEM;20220802;967.2;22.7;0.0
DEM;20220803;965.1;24.6;0.0
DEM;20220804;963.9;26.1;0.0
DEM;20220805;965.8;25.4;1.1
DEM;20220806;971.2;17.6;0.0
DEM;20220807;968.8;18.2;0.0
DEM;20220808;969.5;20.5;0.0
DEM;20220809;970.5;20.8;0.0
DEM;20220810;969.3;20.7;0.0
DEM;20220811;967.1;21.4;0.0
DEM;20220812;964.7;21.1;0.0
DEM;20220813;963.1;20.1;0.0
DEM;20220814;959.1;18.7;2.9
DEM;20220815;958.8;18.8;1.0
DEM;20220816;959.6;21.7;0.2
DEM;20220817;961.8;19.5;30.8
DEM;20220818;962.4;18.2;7.4
DEM;20220819;965.3;17.4;12.6
DEM;20220820;967.6;19.6;20.1
DEM;20220821;965.7;19.4;0.0
DEM;20220822;964.0;19.7;0.0
DEM;20220823;966.1;19.1;0.0
DEM;20220824;966.5;18.8;0.0
DEM;20220825;964.3;20.7;0.0
DEM;20220826;964.0;19.9;0.4
DEM;20220827;963.8;18.9;0.0
DEM;20220828;965.4;19.3;0.0
DEM;20220829;966.9;19.5;0.0
DEM;20220830;966.9;18.4;3.3
DEM;20220831;967.6;17.9;0.0
DEM;20220901;965.8;16.3;0.0
DEM;20220902;963.1;15.2;8.2
DEM;20220903;963.6;17.0;5.9
DEM;20220904;968.4;19.0;0.0
DEM;20220905;969.0;18.0;1.0
DEM;20220906;967.1;16.3;7.7
DEM;20220907;964.0;18.6;18.0
DEM;20220908;962.8;16.6;7.8
DEM;20220909;964.5;15.3;1.0
DEM;20220910;967.0;14.7;0.2
DEM;20220911;968.0;16.1;0.0
DEM;20220912;964.4;15.0;0.0
DEM;20220913;960.4;18.1;0.0
DEM;20220914;957.6;19.0;3.9
DEM;20220915;959.5;15.9;13.0
DEM;20220916;961.8;12.9;0.0
DEM;20220917;966.7;10.4;0.1
DEM;20220918;968.2;10.3;0.0
DEM;20220919;969.6;10.3;0.0
DEM;20220920;971.4;7.9;0.0
DEM;20220921;971.3;7.3;0.0
DEM;20220922;969.3;8.6;0.0
DEM;20220923;965.9;11.4;0.9
DEM;20220924;962.5;12.6;16.3
DEM;20220925;961.9;12.0;0.0
DEM;20220926;957.1;11.7;1.1
DEM;20220927;953.7;9.0;6.3
DEM;20220928;949.8;9.4;18.0
DEM;20220929;952.2;9.6;6.6
DEM;20220930;960.6;8.9;0.2
DEM;20221001;965.8;10.1;12.1
DEM;20221002;971.3;14.5;3.0
DEM;20221003;973.7;11.0;1.8
DEM;20221004;971.3;11.5;0.0
DEM;20221005;972.2;12.5;0.2
DEM;20221006;977.9;10.8;0.0
DEM;20221007;972.4;13.3;0.0
DEM;20221008;970.9;11.4;0.0
DEM;20221009;968.5;10.9;0.0
DEM;20221010;968.0;14.6;0.5
DEM;20221011;971.2;13.6;0.0
DEM;20221012;971.0;14.5;0.0
DEM;20221013;969.5;12.9;0.9
DEM;20221014;964.8;13.8;8.5
DEM;20221015;962.9;14.5;0.0
DEM;20221016;967.3;14.2;0.0
DEM;20221017;973.7;12.9;0.0
DEM;20221018;975.5;13.8;0.0
DEM;20221019;970.7;12.8;0.0
DEM;20221020;965.0;13.7;0.0
DEM;20221021;962.6;14.6;13.7
DEM;20221022;965.9;13.1;1.0
DEM;20221023;963.2;15.3;0.2
DEM;20221024;965.2;12.7;16.0
DEM;20221025;967.7;12.1;0.2
DEM;20221026;969.8;12.8;0.6
DEM;20221027;973.6;12.3;0.0
DEM;20221028;973.1;13.4;0.0
DEM;20221029;972.0;10.3;0.0
DEM;20221030;970.2;9.2;0.0
DEM;20221031;967.9;10.0;0.2
DEM;20221101;969.9;10.3;1.1
DEM;20221102;972.7;7.7;0.4
DEM;20221103;961.6;8.8;3.4
DEM;20221104;958.5;7.1;0.7
DEM;20221105;968.3;5.4;2.7
DEM;20221106;965.3;4.6;0.1
DEM;20221107;966.6;7.3;0.0
DEM;20221108;963.0;7.0;0.0
DEM;20221109;965.2;11.2;14.8
DEM;20221110;975.8;7.8;0.9
DEM;20221111;980.7;5.7;0.0
DEM;20221112;978.5;5.2;0.0
DEM;20221113;969.2;5.4;0.1
DEM;20221114;963.5;7.7;0.0
DEM;20221115;958.1;9.2;4.6
DEM;20221116;952.5;8.2;1.1
DEM;20221117;947.7;10.5;11.7
DEM;20221118;954.9;6.6;7.1
DEM;20221119;960.1;5.4;0.2
DEM;20221120;962.3;4.9;0.9
DEM;20221121;953.2;5.9;1.8
DEM;20221122;950.7;4.8;0.9
DEM;20221123;954.1;3.9;3.8
DEM;20221124;964.0;4.5;0.3
DEM;20221125;969.0;4.0;1.0
DEM;20221126;977.9;3.6;0.0
DEM;20221127;970.8;2.2;0.0
DEM;20221128;962.7;4.4;0.3
DEM;20221129;965.2;6.1;1.5
DEM;20221130;967.5;5.0;0.3
DEM;20221201;968.7;2.7;0.0
DEM;20221202;965.5;2.9;0.0
DEM;20221203;962.0;1.9;0.0
DEM;20221204;960.4;2.0;1.9
DEM;20221205;966.7;1.2;0.0
DEM;20221206;966.3;1.0;0.0
DEM;20221207;964.6;0.2;0.0
DEM;20221208;957.6;-1.3;0.0
DEM;20221209;951.0;-0.3;7.5
DEM;20221210;956.0;-1.1;3.1
DEM;20221211;958.2;-6.5;0.0
DEM;20221212;958.4;-8.5;0.0
DEM;20221213;953.6;-6.2;0.9
DEM;20221214;948.9;-0.5;6.3
DEM;20221215;951.3;0.2;3.7
DEM;20221216;959.4;-2.3;1.7
DEM;20221217;970.9;-5.9;0.0
DEM;20221218;974.9;-4.7;0.0
DEM;20221219;973.0;-1.7;0.0
DEM;20221220;967.6;1.0;0.2
DEM;20221221;964.8;6.7;0.8
DEM;20221222;962.1;10.3;1.1
DEM;20221223;960.7;11.3;5.2
DEM;20221224;966.7;8.0;1.6
DEM;20221225;966.0;5.4;0.1
DEM;20221226;970.2;6.2;10.1
DEM;20221227;976.6;4.3;0.7
DEM;20221228;968.8;5.2;0.0
DEM;20221229;963.4;10.0;3.9
DEM;20221230;964.4;7.3;0.7
DEM;20221231;967.7;14.6;0.0
DEM;20230101;969.2;15.8;0.0
DEM;20230102;970.9;11.4;3.1
DEM;20230103;978.2;5.4;0.2
DEM;20230104;977.4;6.0;0.1
DEM;20230105;974.2;8.4;0.0
DEM;20230106;972.2;6.6;0.0
DEM;20230107;965.0;4.3;0.0
DEM;20230108;955.6;6.4;6.3
DEM;20230109;957.6;4.1;10.8
DEM;20230110;970.8;5.0;0.1
DEM;20230111;968.6;7.0;0.8
DEM;20230112;969.5;7.5;0.0
DEM;20230113;967.5;6.6;2.5
DEM;20230114;965.1;6.2;0.1
DEM;20230115;959.0;4.1;4.5
DEM;20230116;942.8;2.6;1.9
DEM;20230117;936.4;-1.2;4.4
DEM;20230118;946.2;-1.6;1.0
DEM;20230119;957.3;-7.2;0.0
DEM;20230120;964.9;-6.9;0.0
DEM;20230121;969.9;-6.7;0.0
DEM;20230122;972.7;-1.7;0.4
DEM;20230123;974.1;-0.6;0.0
DEM;20230124;977.8;1.3;0.0
DEM;20230125;974.9;1.1;0.0
DEM;20230126;967.5;-0.8;0.0
DEM;20230127;967.1;-1.6;0.0
DEM;20230128;971.2;-0.6;0.0
DEM;20230129;974.5;-1.8;0.0
DEM;20230130;974.3;-1.1;0.3
DEM;20230131;976.3;1.7;0.0
DEM;20230201;975.7;2.2;0.7
DEM;20230202;978.7;3.4;0.6
DEM;20230203;981.4;3.6;0.0
DEM;20230204;982.4;4.2;0.2
DEM;20230205;983.0;2.1;2.8
DEM;20230206;981.5;1.7;0.0
DEM;20230207;980.9;-1.5;0.0
DEM;20230208;980.0;-4.5;0.0
DEM;20230209;980.6;-4.3;0.0
DEM;20230210;985.2;-3.6;0.0
DEM;20230211;983.9;-2.4;0.0
DEM;20230212;982.9;-1.2;0.0
DEM;20230213;983.2;-0.5;0.0
DEM;20230214;980.9;-0.3;0.0
DEM;20230215;976.8;0.7;0.0
DEM;20230216;976.7;2.8;0.0
DEM;20230217;977.1;8.6;0.0
DEM;20230218;975.9;10.6;0.0
DEM;20230219;975.8;8.4;0.0
DEM;20230220;975.0;5.2;0.0
DEM;20230221;967.9;3.0;0.0
DEM;20230222;963.5;4.6;2.0
DEM;20230223;961.9;8.0;0.7
DEM;20230224;956.8;7.1;2.2
DEM;20230225;956.4;2.9;0.1
DEM;20230226;960.3;-0.7;0.0
DEM;20230227;966.2;-0.8;0.0
DEM;20230228;969.5;-0.4;0.0
DEM;20230301;966.8;0.4;0.0
DEM;20230302;965.2;1.6;0.0
DEM;20230303;968.3;1.5;0.0
DEM;20230304;969.5;3.8;0.0
DEM;20230305;963.4;0.8;0.0
DEM;20230306;956.7;0.3;0.0
DEM;20230307;953.3;2.8;0.0
DEM;20230308;948.6;7.4;2.9
DEM;20230309;951.6;11.2;1.9
DEM;20230310;950.3;6.7;9.0
DEM;20230311;958.6;2.6;4.8
DEM;20230312;963.5;6.3;1.6
DEM;20230313;955.7;13.9;7.2
DEM;20230314;955.1;6.5;3.2
DEM;20230315;967.1;3.0;0.0
DEM;20230316;964.9;3.7;0.0
DEM;20230317;961.0;6.5;0.0
DEM;20230318;962.5;8.7;0.0
DEM;20230319;965.9;7.7;2.6
DEM;20230320;969.4;8.1;0.0
DEM;20230321;966.0;8.1;0.0
DEM;20230322;962.7;9.9;0.0
DEM;20230323;960.2;13.5;0.0
DEM;20230324;960.1;10.0;6.0
DEM;20230325;963.4;8.3;5.0
DEM;20230326;956.8;7.5;8.2
DEM;20230327;968.0;4.2;2.5
DEM;20230328;972.7;6.1;0.0
DEM;20230329;967.3;12.4;0.1
DEM;20230330;963.4;13.7;1.9
DEM;20230331;956.1;10.3;5.7
DEM;20230401;957.3;7.1;5.5
DEM;20230402;964.3;7.6;3.2
DEM;20230403;970.0;3.9;0.8
DEM;20230404;969.0;3.0;0.0
DEM;20230405;968.0;2.3;0.0
DEM;20230406;967.3;5.5;0.0
DEM;20230407;966.0;4.1;10.0
DEM;20230408;969.7;7.8;0.0
DEM;20230409;970.1;6.6;0.0
DEM;20230410;968.0;9.8;0.0
DEM;20230411;965.4;9.7;1.0
DEM;20230412;955.5;8.3;7.6
DEM;20230413;957.4;5.5;0.0
DEM;20230414;957.4;7.1;0.0
DEM;20230415;959.4;7.6;5.1
DEM;20230416;968.7;6.7;3.8
DEM;20230417;968.2;8.4;4.4
DEM;20230418;966.9;8.8;0.0
DEM;20230419;966.2;9.5;0.2
DEM;20230420;960.8;4.9;6.0
DEM;20230421;959.7;6.9;0.1
DEM;20230422;959.9;9.4;0.0
DEM;20230423;958.5;12.6;1.6
DEM;20230424;960.6;8.9;0.5
DEM;20230425;962.7;7.0;2.9
DEM;20230426;965.3;10.7;0.0
DEM;20230427;965.5;14.6;0.1
DEM;20230428;964.0;14.1;6.3
DEM;20230429;964.9;16.2;0.0
DEM;20230430;965.4;12.8;0.2
DEM;20230501;965.0;11.6;23.0
DEM;20230502;970.1;13.2;0.0
DEM;20230503;970.0;12.9;0.0
DEM;20230504;967.1;15.7;0.0
DEM;20230505;967.0;15.5;0.6
DEM;20230506;965.3;16.9;0.0
DEM;20230507;966.3;13.9;13.1
DEM;20230508;969.4;14.9;1.3
DEM;20230509;963.8;14.7;9.8
DEM;20230510;964.0;12.3;3.0
DEM;20230511;963.4;11.6;2.7
DEM;20230512;962.5;12.8;0.3
DEM;20230513;964.9;11.6;1.7
DEM;20230514;963.7;12.9;4.6
DEM;20230515;962.6;12.7;1.3
DEM;20230516;964.9;9.0;8.0
DEM;20230517;969.6;10.7;0.0
DEM;20230518;968.9;11.1;0.0
DEM;20230519;967.2;12.7;0.0
DEM;20230520;963.4;13.5;0.0
DEM;20230521;961.5;18.0;1.0
DEM;20230522;963.3;18.4;0.0
DEM;20230523;966.1;17.6;0.0
DEM;20230524;967.6;12.2;0.0
DEM;20230525;969.0;15.5;0.0
DEM;20230526;970.8;18.0;0.0
DEM;20230527;968.2;17.8;0.0
DEM;20230528;964.8;17.6;0.0
DEM;20230529;965.1;17.2;0.0
DEM;20230530;966.7;17.5;0.0
DEM;20230531;965.8;17.8;0.0
DEM;20230601;965.4;19.1;0.0
DEM;20230602;963.9;19.2;0.0
DEM;20230603;964.0;18.8;0.0
DEM;20230604;965.1;18.2;0.0
DEM;20230605;965.0;18.8;0.0
DEM;20230606;965.1;18.5;0.0
DEM;20230607;964.8;19.5;0.0
DEM;20230608;962.6;18.2;0.1
DEM;20230609;960.7;21.4;0.0
DEM;20230610;961.9;23.0;0.0
DEM;20230611;962.8;22.5;0.0
DEM;20230612;961.8;20.0;0.0
DEM;20230613;959.2;18.6;0.0
DEM;20230614;962.1;18.5;0.0
DEM;20230615;965.6;19.7;0.0
DEM;20230616;966.5;19.7;0.0
DEM;20230617;964.7;20.8;0.0
DEM;20230618;962.8;20.7;0.0
DEM;20230619;963.5;24.4;0.2
DEM;20230620;963.4;23.6;13.2
DEM;20230621;966.9;21.0;3.1
DEM;20230622;965.9;19.6;13.9
DEM;20230623;973.2;19.9;2.6
DEM;20230624;971.8;19.9;0.0
DEM;20230625;967.0;21.7;0.0
DEM;20230626;968.3;21.4;0.0
DEM;20230627;969.4;18.3;0.0
DEM;20230628;967.4;18.4;0.0
DEM;20230629;964.0;22.0;0.0
DEM;20230630;963.3;16.8;16.6
DEM;20230701;961.7;18.4;0.6
DEM;20230702;964.0;18.9;0.0
DEM;20230703;965.4;19.3;0.0
DEM;20230704;964.8;19.6;2.3
DEM;20230705;965.8;17.7;5.8
DEM;20230706;967.0;19.7;0.0
DEM;20230707;967.1;22.2;0.0
DEM;20230708;968.9;21.4;18.4
DEM;20230709;969.4;24.1;0.0
DEM;20230710;970.7;24.0;3.2
DEM;20230711;964.6;25.7;4.6
DEM;20230712;964.7;21.4;1.3
DEM;20230713;968.1;20.4;0.0
DEM;20230714;964.4;21.0;0.0
DEM;20230715;961.4;23.7;2.1
DEM;20230716;967.8;19.7;0.5
DEM;20230717;970.3;21.6;0.0
DEM;20230718;967.2;21.8;2.4
DEM;20230719;965.0;24.2;0.0
DEM;20230720;963.9;21.5;0.0
DEM;20230721;962.8;19.0;0.2
DEM;20230722;965.7;19.8;0.0
DEM;20230723;963.2;20.9;0.3
DEM;20230724;958.5;18.3;10.2
DEM;20230725;958.6;16.9;9.3
DEM;20230726;965.8;15.1;2.6
DEM;20230727;962.1;19.0;0.0
DEM;20230728;961.9;19.4;1.5
DEM;20230729;962.7;19.0;5.2
DEM;20230730;966.4;18.9;0.0
DEM;20230731;964.2;19.5;0.0
DEM;20230801;958.2;16.7;6.7
DEM;20230802;953.4;21.3;1.6
DEM;20230803;958.6;19.6;0.2
DEM;20230804;963.3;15.3;11.3
DEM;20230805;963.7;17.6;0.0
DEM;20230806;964.4;12.1;6.2
DEM;20230807;969.5;12.7;1.4
DEM;20230808;967.8;15.7;0.0
DEM;20230809;967.9;17.5;0.0
DEM;20230810;969.4;19.9;0.0
DEM;20230811;970.6;22.3;0.0
DEM;20230812;968.7;22.4;0.4
DEM;20230813;967.5;21.7;8.8
DEM;20230814;965.4;23.4;0.1
DEM;20230815;967.0;23.6;0.0
DEM;20230816;967.1;23.5;0.0
DEM;20230817;966.1;22.8;0.0
DEM;20230818;964.9;23.8;0.0
DEM;20230819;967.5;25.2;0.0
DEM;20230820;970.3;26.3;0.0
DEM;20230821;970.9;26.3;0.0
DEM;20230822;969.1;27.6;0.0
DEM;20230823;968.5;26.0;0.0
DEM;20230824;964.7;23.9;40.7
DEM;20230825;962.9;20.3;2.6
DEM;20230826;963.2;16.6;15.1
DEM;20230827;961.6;14.8;6.0
DEM;20230828;960.6;12.9;6.3
DEM;20230829;961.1;12.8;11.0
DEM;20230830;960.2;15.6;0.0
DEM;20230831;964.4;16.0;0.7
DEM;20230901;965.9;18.7;0.0
DEM;20230902;969.3;18.8;0.0
DEM;20230903;974.0;18.9;0.0
DEM;20230904;971.1;19.7;0.0
DEM;20230905;968.5;19.1;0.0
DEM;20230906;968.4;18.6;0.0
DEM;20230907;968.0;20.3;0.0
DEM;20230908;967.7;20.8;0.0
DEM;20230909;967.4;20.9;0.0
DEM;20230910;967.4;20.8;0.0
DEM;20230911;964.4;20.8;0.0
DEM;20230912;963.4;21.5;3.8
DEM;20230913;967.6;17.7;7.5
DEM;20230914;969.3;17.8;0.0
DEM;20230915;965.5;17.8;0.0
DEM;20230916;964.3;17.0;0.0
DEM;20230917;963.5;19.3;0.2
DEM;20230918;962.2;16.9;10.6
DEM;20230919;966.0;16.6;0.0
DEM;20230920;961.8;16.1;0.0
DEM;20230921;953.8;17.3;4.4
DEM;20230922;956.9;13.9;3.1
DEM;20230923;967.8;11.4;0.0
DEM;20230924;972.9;10.4;0.0
DEM;20230925;971.6;10.9;0.0
DEM;20230926;970.8;12.4;0.0
DEM;20230927;969.2;13.6;0.0
DEM;20230928;968.9;15.6;0.0
DEM;20230929;971.6;16.7;0.0
DEM;20230930;974.8;15.8;0.0
DEM;20231001;974.3;13.5;0.0
DEM;20231002;971.5;13.6;0.0
DEM;20231003;971.9;14.3;0.1
DEM;20231004;976.9;11.1;0.0
DEM;20231005;975.4;10.0;0.0
DEM;20231006;975.2;10.2;0.0
DEM;20231007;976.0;10.0;0.0
DEM;20231008;975.4;12.8;0.0
DEM;20231009;972.9;14.4;0.0
DEM;20231010;971.6;12.9;0.0
DEM;20231011;969.6;12.9;0.0
DEM;20231012;968.5;13.2;0.0
DEM;20231013;964.6;18.0;0.0
DEM;20231014;965.7;13.3;8.2
DEM;20231015;970.1;7.8;0.6
DEM;20231016;966.8;5.1;0.0
DEM;20231017;963.2;6.4;0.0
DEM;20231018;955.2;9.4;1.1
DEM;20231019;944.9;13.7;4.1
DEM;20231020;935.3;13.3;3.2
DEM;20231021;950.9;10.6;0.0
DEM;20231022;961.0;9.1;0.0
DEM;20231023;959.4;8.4;3.4
DEM;20231024;956.2;10.1;16.3
DEM;20231025;950.9;12.3;0.0
DEM;20231026;947.9;11.4;11.8
DEM;20231027;949.1;10.1;6.1
DEM;20231028;952.7;12.9;0.0
DEM;20231029;951.9;16.1;0.0
DEM;20231030;952.3;9.3;4.6
DEM;20231031;958.1;8.8;1.0
DEM;20231101;956.4;6.7;0.1
DEM;20231102;941.3;7.4;11.3
DEM;20231103;942.4;4.9;0.0
DEM;20231104;938.5;6.4;6.2
DEM;20231105;942.1;9.3;5.7
DEM;20231106;958.9;7.3;4.4
DEM;20231107;965.6;2.9;0.2
DEM;20231108;966.5;3.4;0.0
DEM;20231109;958.3;6.2;0.4
DEM;20231110;954.2;6.5;5.7
DEM;20231111;958.9;3.4;2.4
DEM;20231112;958.0;5.0;13.2
DEM;20231113;961.7;12.8;1.6
DEM;20231114;963.1;9.4;26.6
DEM;20231115;969.9;7.2;1.3
DEM;20231116;961.9;6.1;1.1
DEM;20231117;970.5;4.5;4.5
DEM;20231118;972.6;4.4;2.3
DEM;20231119;967.3;10.6;5.4
DEM;20231120;964.5;8.0;0.2
DEM;20231121;963.6;6.9;3.8
DEM;20231122;973.2;3.0;2.8
DEM;20231123;974.5;4.0;0.0
DEM;20231124;963.4;4.9;1.9
DEM;20231125;963.7;1.3;1.8
DEM;20231126;966.1;0.5;0.4
DEM;20231127;954.3;1.6;4.6
DEM;20231128;952.2;1.8;7.7
DEM;20231129;955.8;-1.0;0.0
DEM;20231130;948.6;0.0;26.7
DEM;20231201;949.1;0.9;14.0

